1675154990947404759 0 0 0 0 2.44573e-47 0 0 0 0 0 0 0 0 0 0 0 0 0 
1675154991047477091 0 0 0 0 0 1.4013e-48 0 0 0 0 0 0 0 0 0 0 0 0 
1675154991147535933 -4.67385e-05 -0 -5.1909 -9.3469e-05 0 -33.9139 1.56991 -0 -32.8068 -9.56431e-05 -7.77622e-06 -2.27654 -1.29696e-05 7.77622e-06 -0.51106 -7.81393e-06 -0 0.2323 
1675154991247535333 -4.67385e-05 -0 -5.53696 -9.3469e-05 0 -33.5678 1.56991 -0 -32.8068 -9.56431e-05 -7.77622e-06 -2.18362 -1.29696e-05 7.77622e-06 -0.60398 -7.81393e-06 -0 0.18584 
1675154991347547702 -4.67385e-05 -0 -4.84484 -9.3469e-05 0 -33.5678 1.56991 -0 -32.8068 -9.56431e-05 -7.77622e-06 -2.18362 -1.29696e-05 7.77622e-06 -0.65044 -7.81393e-06 -0 0.37168 
1675154991447543516 -4.67385e-05 -0 -5.1909 -9.3469e-05 0 -33.5678 1.56991 -0 -32.8068 -9.56431e-05 -7.77622e-06 -2.23008 -1.29696e-05 7.77622e-06 -0.60398 -7.81393e-06 -0 0.41814 
1675154991547545026 -4.67385e-05 -0 -5.53696 -9.3469e-05 0 -33.5678 1.56991 -0 -32.8068 -9.56431e-05 -7.77622e-06 -2.23008 -1.29696e-05 7.77622e-06 -0.60398 -7.81393e-06 -0 0.41814 
1675154991647543237 -4.67385e-05 -0 -5.53696 -9.3469e-05 0 -33.5678 1.56991 -0 -32.8068 -9.56431e-05 -7.77622e-06 -2.27654 -1.29696e-05 7.77622e-06 -0.55752 -7.81393e-06 -0 0.37168 
1675154991747485422 -4.67385e-05 -0 -5.53696 -9.3469e-05 0 -33.5678 1.56991 -0 -32.8068 -9.56431e-05 -7.77622e-06 -2.27654 -1.29696e-05 7.77622e-06 -0.55752 -7.81393e-06 -0 0.37168 
1675154991847481332 -4.67385e-05 -0 -4.84484 -9.3469e-05 0 -33.2218 1.56991 -0 -32.8068 -9.56431e-05 -7.77622e-06 -2.13716 -1.29696e-05 7.77622e-06 -0.60398 -7.81393e-06 -0 0.37168 
1675154991947482026 -4.67385e-05 -0 -4.49878 -9.3469e-05 0 -34.2599 1.56991 -0 -32.8068 -9.56431e-05 -7.77622e-06 -2.18362 -1.29696e-05 7.77622e-06 -0.60398 -3.77108e-08 7.77622e-06 0.32522 
1675154992047480897 -4.67385e-05 -0 -4.84484 -9.3469e-05 0 -33.2218 1.56991 -0 -32.8068 -9.56431e-05 -7.77622e-06 -2.13716 -1.29696e-05 7.77622e-06 -0.60398 -3.77108e-08 7.77622e-06 0.27876 
1675154992147479179 -4.67385e-05 -0 -4.84484 -9.3469e-05 0 -33.9139 1.56991 -0 -32.6563 -9.56431e-05 -7.77622e-06 -2.18362 -1.29696e-05 7.77622e-06 -0.60398 -3.77108e-08 7.77622e-06 0.2323 
1675154992247478801 -4.67385e-05 -0 -5.88302 -9.3469e-05 0 -33.9139 1.56991 -0 -32.8068 -9.56431e-05 -7.77622e-06 -2.18362 -1.29696e-05 7.77622e-06 -0.55752 -3.77108e-08 7.77622e-06 0.18584 
1675154992347478702 -4.67385e-05 -0 -5.53696 -9.3469e-05 0 -33.5678 1.56991 -0 -32.8068 -9.56431e-05 -7.77622e-06 -2.27654 -1.29696e-05 7.77622e-06 -0.55752 -3.77108e-08 7.77622e-06 0.13938 
1675154992447450696 -4.67385e-05 -0 -4.84484 -9.3469e-05 0 -33.9139 1.56991 -0 -32.8068 -9.56431e-05 -7.77622e-06 -2.18362 -1.29696e-05 7.77622e-06 -0.51106 -3.77108e-08 7.77622e-06 0.18584 
1675154992547541105 -4.67385e-05 -0 -5.1909 -9.3469e-05 0 -33.9139 1.56991 -0 -32.6563 -9.56431e-05 -7.77622e-06 -2.18362 -1.29696e-05 7.77622e-06 -0.60398 -3.77108e-08 7.77622e-06 0.09292 
1675154992647538951 -4.67385e-05 -0 -4.84484 -9.3469e-05 0 -33.9139 1.56991 -0 -32.8068 -9.56431e-05 -7.77622e-06 -2.23008 -1.29696e-05 7.77622e-06 -0.60398 -3.77108e-08 7.77622e-06 0.13938 
1675154992747546299 -4.67385e-05 -0 -4.84484 -9.3469e-05 0 -33.5678 1.56991 -0 -32.8068 -9.56431e-05 -7.77622e-06 -2.18362 -1.29696e-05 7.77622e-06 -0.55752 -3.77108e-08 7.77622e-06 -0 
1675154992847550086 -4.67385e-05 -0 -4.84484 -9.3469e-05 0 -33.9139 1.56991 -0 -32.9573 -9.56431e-05 -7.77622e-06 -2.23008 -1.29696e-05 7.77622e-06 -0.60398 -3.77108e-08 7.77622e-06 0.04646 
1675154992947550821 -4.67385e-05 -0 -5.1909 -9.3469e-05 0 -33.9139 1.56991 -0 -32.6563 -9.56431e-05 -7.77622e-06 -2.18362 -1.29696e-05 7.77622e-06 -0.55752 -3.77108e-08 7.77622e-06 0.09292 
1675154993047547053 -4.67385e-05 -0 -4.49878 -9.3469e-05 0 -33.5678 1.56991 -0 -32.8068 -9.56431e-05 -7.77622e-06 -2.23008 -1.29696e-05 7.77622e-06 -0.55752 -3.77108e-08 7.77622e-06 0.13938 
1675154993147545251 -4.67385e-05 -0 -4.84484 -9.3469e-05 0 -33.9139 1.56991 -0 -32.6563 -9.56431e-05 -7.77622e-06 -2.23008 -1.29696e-05 7.77622e-06 -0.60398 -3.77108e-08 7.77622e-06 -0 
1675154993247539930 -4.67385e-05 -0 -4.15272 -9.3469e-05 0 -33.2218 1.56991 -0 -32.5058 -9.56431e-05 -7.77622e-06 -2.27654 -1.29696e-05 7.77622e-06 -0.60398 -3.77108e-08 7.77622e-06 -0 
1675154993347547179 -4.67385e-05 -0 -4.15272 -9.3469e-05 0 -33.9139 1.56991 -0 -32.6563 -9.56431e-05 -7.77622e-06 -2.23008 -1.29696e-05 7.77622e-06 -0.4646 -3.77108e-08 7.77622e-06 -0 
1675154993447543546 -4.67385e-05 -0 -5.1909 -9.3469e-05 0 -33.9139 1.56991 -0 -32.6563 -9.56431e-05 -7.77622e-06 -2.18362 -1.29696e-05 7.77622e-06 -0.60398 -7.81393e-06 -0 -0 
1675154993547552216 -4.67385e-05 -0 -5.53696 -9.3469e-05 0 -34.2599 1.56991 -0 -32.5058 -9.56431e-05 -7.77622e-06 -2.23008 -1.29696e-05 7.77622e-06 -0.60398 -7.81393e-06 -0 -0.04646 
1675154993647547063 -4.67385e-05 -0 -5.53696 -9.3469e-05 0 -33.9139 1.56991 -0 -32.5058 -9.56431e-05 -7.77622e-06 -2.18362 -1.29696e-05 7.77622e-06 -0.60398 -7.81393e-06 -0 -0 
1675154993747548703 -4.67385e-05 -0 -5.1909 -9.3469e-05 0 -33.5678 1.56991 -0 -32.6563 -9.56431e-05 -7.77622e-06 -2.18362 -1.29696e-05 7.77622e-06 -0.55752 -7.81393e-06 -0 -0 
1675154993847544270 -4.67385e-05 -0 -5.1909 -9.3469e-05 0 -33.9139 1.56991 -0 -32.6563 -9.56431e-05 -7.77622e-06 -2.23008 -1.29696e-05 7.77622e-06 -0.55752 -7.81393e-06 -0 0.04646 
1675154993947544859 -4.67385e-05 -0 -5.1909 -9.3469e-05 0 -33.5678 1.56991 -0 -32.6563 -9.56431e-05 -7.77622e-06 -2.23008 -1.29696e-05 7.77622e-06 -0.55752 -7.81393e-06 -0 -0 
1675154994047490794 -4.67385e-05 -0 -4.84484 -9.3469e-05 0 -33.9139 1.56991 -0 -32.6563 -9.56431e-05 -7.77622e-06 -2.323 -1.29696e-05 7.77622e-06 -0.60398 -7.81393e-06 -0 -0.04646 
1675154994147541124 -4.67385e-05 -0 -5.1909 -9.3469e-05 0 -33.5678 1.56991 -0 -32.3554 -9.56431e-05 -7.77622e-06 -2.18362 -1.29696e-05 7.77622e-06 -0.51106 -7.81393e-06 -0 0.09292 
1675154994247538876 -4.67385e-05 -0 -4.84484 -9.3469e-05 0 -34.2599 1.56991 -0 -32.6563 -9.56431e-05 -7.77622e-06 -2.23008 -1.29696e-05 7.77622e-06 -0.55752 -7.81393e-06 -0 0.18584 
1675154994347536966 -4.67385e-05 -0 -4.49878 -9.3469e-05 0 -33.9139 1.56991 -0 -32.6563 -9.56431e-05 -7.77622e-06 -2.23008 -1.29696e-05 7.77622e-06 -0.60398 -7.81393e-06 -0 -0 
1675154994447534026 -4.67385e-05 -0 -4.84484 -9.3469e-05 0 -33.5678 1.56991 -0 -32.6563 -9.56431e-05 -7.77622e-06 -2.23008 -1.29696e-05 7.77622e-06 -0.60398 -7.81393e-06 -0 0.04646 
1675154994547483182 -4.67385e-05 -0 -5.1909 -9.3469e-05 0 -33.5678 1.56991 -0 -32.6563 -9.56431e-05 -7.77622e-06 -2.27654 -1.29696e-05 7.77622e-06 -0.51106 -7.81393e-06 -0 0.2323 
1675154994647536556 -4.67385e-05 -0 -5.53696 -9.3469e-05 0 -33.9139 1.56991 -0 -32.5058 -9.56431e-05 -7.77622e-06 -2.23008 -1.29696e-05 7.77622e-06 -0.55752 -7.81393e-06 -0 0.13938 
1675154994747532756 -4.67385e-05 -0 -5.53696 -9.3469e-05 0 -33.2218 1.56991 -0 -32.5058 -9.56431e-05 -7.77622e-06 -2.27654 -1.29696e-05 7.77622e-06 -0.60398 -7.81393e-06 -0 0.13938 
1675154994847474807 -4.67385e-05 -0 -4.49878 -9.3469e-05 0 -33.9139 1.56991 -0 -32.6563 -9.56431e-05 -7.77622e-06 -2.23008 -1.29696e-05 7.77622e-06 -0.55752 -7.81393e-06 -0 0.18584 
1675154994947530784 -4.67385e-05 -0 -4.49878 -9.3469e-05 0 -33.9139 1.56991 -0 -32.5058 -9.56431e-05 -7.77622e-06 -2.13716 -1.29696e-05 7.77622e-06 -0.55752 -7.81393e-06 -0 0.18584 
1675154995047468307 -4.67385e-05 -0 -5.1909 -9.3469e-05 0 -34.2599 1.56991 -0 -32.6563 -9.56431e-05 -7.77622e-06 -2.23008 -1.29696e-05 7.77622e-06 -0.55752 -7.81393e-06 -0 0.09292 
1675154995147533888 -4.67385e-05 -0 -5.1909 -9.3469e-05 0 -33.9139 1.56991 -0 -32.3554 -9.56431e-05 -7.77622e-06 -2.23008 -1.29696e-05 7.77622e-06 -0.60398 -7.81393e-06 -0 0.27876 
1675154995247529768 -4.67385e-05 -0 -5.53696 -9.3469e-05 0 -33.5678 1.56991 -0 -32.5058 -9.56431e-05 -7.77622e-06 -2.23008 -1.29696e-05 7.77622e-06 -0.60398 -7.81393e-06 -0 0.2323 
1675154995347534253 -4.67385e-05 -0 -5.53696 -9.3469e-05 0 -33.9139 1.56991 -0 -32.6563 -9.56431e-05 -7.77622e-06 -2.323 -1.29696e-05 7.77622e-06 -0.60398 -7.81393e-06 -0 0.32522 
1675154995447531762 -4.67385e-05 -0 -4.84484 -9.3469e-05 0 -33.5678 1.56991 -0 -32.5058 -9.56431e-05 -7.77622e-06 -2.18362 -1.29696e-05 7.77622e-06 -0.60398 -7.81393e-06 -0 0.2323 
1675154995547479128 -4.67385e-05 -0 -5.1909 -9.3469e-05 0 -33.9139 1.56991 -0 -32.5058 -9.56431e-05 -7.77622e-06 -2.323 -1.29696e-05 7.77622e-06 -0.60398 -7.81393e-06 -0 0.27876 
1675154995647549228 -4.67385e-05 -0 -4.84484 -9.3469e-05 0 -33.2218 1.56991 -0 -32.3554 -9.56431e-05 -7.77622e-06 -2.27654 -1.29696e-05 7.77622e-06 -0.60398 -3.77108e-08 0.000668755 0.2323 
1675154995747539403 -4.67385e-05 -0 -5.53696 -9.3469e-05 0 -33.5678 1.56991 -0 -32.3554 -9.56431e-05 -7.77622e-06 -2.13716 -1.29696e-05 7.77622e-06 -0.55752 -3.77108e-08 7.77622e-06 0.18584 
1675154995847542291 -4.67385e-05 -0 -5.1909 -9.3469e-05 0 -33.9139 1.56991 -0 -32.5058 -9.56431e-05 -7.77622e-06 -2.23008 -1.29696e-05 7.77622e-06 -0.51106 -3.77108e-08 7.77622e-06 0.27876 
1675154995947540789 -4.67385e-05 -0 -4.15272 -9.3469e-05 0 -33.5678 1.56991 -0 -32.3554 -9.56431e-05 -7.77622e-06 -2.23008 -1.29696e-05 7.77622e-06 -0.55752 -3.77108e-08 7.77622e-06 0.27876 
1675154996047483225 -4.67385e-05 -0 -4.49878 -9.3469e-05 0 -33.5678 1.56991 -0 -32.3554 -9.56431e-05 -7.77622e-06 -2.23008 -1.29696e-05 7.77622e-06 -0.65044 -3.77108e-08 7.77622e-06 0.27876 
1675154996147540147 -4.67385e-05 -0 -5.88302 -9.3469e-05 0 -34.2599 1.56991 -0 -32.5058 -9.56431e-05 -7.77622e-06 -2.27654 -1.29696e-05 7.77622e-06 -0.60398 -3.77108e-08 7.77622e-06 0.18584 
1675154996247540768 -4.67385e-05 -0 -5.1909 -9.3469e-05 0 -33.5678 1.56991 -0 -32.3554 -9.56431e-05 -7.77622e-06 -2.23008 -1.29696e-05 7.77622e-06 -0.60398 -3.77108e-08 7.77622e-06 0.18584 
1675154996347538445 -4.67385e-05 -0 -5.1909 -9.3469e-05 0 -33.5678 1.56991 -0 -32.3554 -9.56431e-05 -7.77622e-06 -2.23008 -1.29696e-05 7.77622e-06 -0.51106 -3.77108e-08 7.77622e-06 0.13938 
1675154996447539368 -4.67385e-05 -0 -5.53696 -9.3469e-05 0 -33.5678 1.56991 -0 -32.3554 -9.56431e-05 -7.77622e-06 -2.23008 -1.29696e-05 7.77622e-06 -0.55752 -3.77108e-08 7.77622e-06 -0 
1675154996547483290 -4.67385e-05 -0 -5.1909 -9.3469e-05 0 -33.5678 1.56991 -0 -32.2049 -9.56431e-05 -7.77622e-06 -2.27654 -1.29696e-05 7.77622e-06 -0.60398 -3.77108e-08 7.77622e-06 -0 
1675154996647538408 -4.67385e-05 -0 -5.1909 -9.3469e-05 0 -33.5678 1.56991 -0 -32.5058 -9.56431e-05 -7.77622e-06 -2.18362 -1.29696e-05 7.77622e-06 -0.55752 -3.77108e-08 7.77622e-06 -0 
1675154996747539634 -4.67385e-05 -0 -4.84484 -9.3469e-05 0 -33.2218 1.56991 -0 -32.5058 -9.56431e-05 -7.77622e-06 -2.23008 -1.29696e-05 7.77622e-06 -0.60398 -3.77108e-08 7.77622e-06 -0.09292 
1675154996847538779 -4.67385e-05 -0 -5.1909 -9.3469e-05 0 -33.2218 1.56991 -0 -32.3554 -9.56431e-05 -7.77622e-06 -2.323 -1.29696e-05 7.77622e-06 -0.51106 -3.77108e-08 7.77622e-06 0.04646 
1675154996947540807 -4.67385e-05 -0 -5.1909 -9.3469e-05 0 -33.9139 1.56991 -0 -32.3554 -9.56431e-05 -7.77622e-06 -2.23008 -1.29696e-05 7.77622e-06 -0.65044 -3.77108e-08 7.77622e-06 0.04646 
1675154997047480381 -4.67385e-05 -0 -4.84484 -9.3469e-05 0 -33.9139 1.56991 -0 -32.3554 -9.56431e-05 -7.77622e-06 -2.36946 -1.29696e-05 7.77622e-06 -0.55752 -3.77108e-08 7.77622e-06 -0.09292 
1675154997147536521 -4.67385e-05 -0 -5.53696 -9.3469e-05 0 -33.5678 1.56991 -0 -32.3554 -9.56431e-05 -7.77622e-06 -2.18362 -1.29696e-05 7.77622e-06 -0.51106 -3.77108e-08 0.00063765 0.04646 
1675154997247540106 -4.67385e-05 -0 -5.1909 -9.3469e-05 0 -33.5678 1.56991 -0 -32.2049 -9.56431e-05 -7.77622e-06 -2.23008 -1.29696e-05 7.77622e-06 -0.60398 -3.77108e-08 7.77622e-06 -0.13938 
1675154997347540022 -4.67385e-05 -0 -5.1909 -9.3469e-05 0 -34.2599 1.56991 -0 -32.2049 -9.56431e-05 -7.77622e-06 -2.18362 -1.29696e-05 7.77622e-06 -0.60398 -3.77108e-08 7.77622e-06 -0.13938 
1675154997447538321 -4.67385e-05 -0 -5.53696 -9.3469e-05 0 -34.2599 1.56991 -0 -32.3554 -9.56431e-05 -7.77622e-06 -2.27654 -1.29696e-05 7.77622e-06 -0.4646 -7.81393e-06 -0 -0.04646 
1675154997547538428 -4.67385e-05 -0 -4.84484 -9.3469e-05 0 -34.2599 1.56991 -0 -32.2049 -9.56431e-05 -7.77622e-06 -2.18362 -1.29696e-05 7.77622e-06 -0.55752 -7.81393e-06 -0 -0 
1675154997647539970 -4.67385e-05 -0 -5.1909 -9.3469e-05 0 -33.9139 1.56991 -0 -32.3554 -9.56431e-05 -7.77622e-06 -2.23008 -1.29696e-05 7.77622e-06 -0.60398 -7.81393e-06 -0 -0 
1675154997747541652 -4.67385e-05 -0 -5.88302 -9.3469e-05 0 -33.2218 1.56991 -0 -32.3554 -9.56431e-05 -7.77622e-06 -2.18362 -1.29696e-05 7.77622e-06 -0.55752 -7.81393e-06 -0 -0.13938 
1675154997847537479 -4.67385e-05 -0 -4.84484 -9.3469e-05 0 -33.2218 1.56991 -0 -32.3554 -9.56431e-05 -7.77622e-06 -2.23008 -1.29696e-05 7.77622e-06 -0.60398 -7.81393e-06 -0 -0 
1675154997947537913 -4.67385e-05 -0 -4.84484 -9.3469e-05 0 -33.2218 1.56991 -0 -32.3554 -9.56431e-05 -7.77622e-06 -2.23008 -1.29696e-05 7.77622e-06 -0.51106 -7.81393e-06 -0 -0.04646 
1675154998047538146 -4.67385e-05 -0 -4.15272 -9.3469e-05 0 -33.5678 1.56991 -0 -32.3554 -9.56431e-05 -7.77622e-06 -2.323 -1.29696e-05 7.77622e-06 -0.60398 -7.81393e-06 -0 -0 
1675154998147543788 -4.67385e-05 -0 -5.1909 -9.3469e-05 0 -33.9139 1.56991 -0 -32.2049 -9.56431e-05 -7.77622e-06 -2.23008 -1.29696e-05 7.77622e-06 -0.51106 -7.81393e-06 -0 -0 
1675154998247540982 -4.67385e-05 -0 -5.88302 -9.3469e-05 0 -33.5678 1.56991 -0 -32.2049 -9.56431e-05 -7.77622e-06 -2.18362 -1.29696e-05 7.77622e-06 -0.55752 -7.81393e-06 -0 0.04646 
1675154998347541073 -4.67385e-05 -0 -5.53696 -9.3469e-05 0 -33.5678 1.56991 -0 -32.2049 -9.56431e-05 -7.77622e-06 -2.27654 -1.29696e-05 7.77622e-06 -0.55752 -7.81393e-06 -0 -0 
1675154998447476940 -4.67385e-05 -0 -4.84484 -9.3469e-05 0 -33.5678 1.56991 -0 -32.2049 -9.56431e-05 -7.77622e-06 -2.23008 -1.29696e-05 7.77622e-06 -0.55752 -7.81393e-06 -0 0.04646 
1675154998547468169 -4.67385e-05 -0 -4.84484 -9.3469e-05 0 -33.5678 1.56991 -0 -32.3554 -9.56431e-05 -7.77622e-06 -2.23008 -1.29696e-05 7.77622e-06 -0.60398 -7.81393e-06 -0 0.13938 
1675154998647474013 -4.67385e-05 -0 -5.1909 -9.3469e-05 0 -33.2218 1.56991 -0 -32.2049 -9.56431e-05 -7.77622e-06 -2.23008 -1.29696e-05 7.77622e-06 -0.60398 -7.81393e-06 -0 0.09292 
1675154998747477107 -4.67385e-05 -0 -4.49878 -9.3469e-05 0 -34.2599 1.56991 -0 -32.2049 -9.56431e-05 -7.77622e-06 -2.23008 -1.29696e-05 7.77622e-06 -0.60398 -7.81393e-06 -0 0.13938 
1675154998847472359 -4.67385e-05 -0 -4.84484 -9.3469e-05 0 -34.2599 1.56991 -0 -32.2049 -9.56431e-05 -7.77622e-06 -2.18362 -1.29696e-05 7.77622e-06 -0.55752 -7.81393e-06 -0 0.04646 
1675154998947470889 -4.67385e-05 -0 -5.1909 -9.3469e-05 0 -33.5678 1.56991 -0 -32.2049 -9.56431e-05 -7.77622e-06 -2.13716 -1.29696e-05 7.77622e-06 -0.55752 -7.81393e-06 -0 0.09292 
1675154999047538059 -4.67385e-05 -0 -4.49878 -9.3469e-05 0 -34.2599 1.56991 -0 -32.2049 -9.56431e-05 -7.77622e-06 -2.18362 -1.29696e-05 7.77622e-06 -0.51106 -7.81393e-06 -0 0.04646 
1675154999147537172 -4.67385e-05 -0 -4.84484 -9.3469e-05 0 -33.5678 1.56991 -0 -32.0544 -9.56431e-05 -7.77622e-06 -2.18362 -1.29696e-05 7.77622e-06 -0.55752 -7.81393e-06 -0 0.18584 
1675154999247531665 -4.67385e-05 -0 -5.1909 -9.3469e-05 0 -34.2599 1.56991 -0 -32.2049 -9.56431e-05 -7.77622e-06 -2.27654 -1.29696e-05 7.77622e-06 -0.55752 -7.81393e-06 -0 0.18584 
1675154999347538870 -4.67385e-05 -0 -4.15272 -9.3469e-05 0 -33.9139 1.56991 -0 -32.0544 -9.56431e-05 -7.77622e-06 -2.23008 -1.29696e-05 7.77622e-06 -0.60398 -7.81393e-06 -0 0.09292 
1675154999447538790 -4.67385e-05 -0 -5.1909 -9.3469e-05 0 -33.2218 1.56991 -0 -32.0544 -9.56431e-05 -7.77622e-06 -2.23008 -1.29696e-05 7.77622e-06 -0.60398 -7.81393e-06 -0 0.2323 
1675154999547540537 -4.67385e-05 -0 -4.49878 -9.3469e-05 0 -33.5678 1.56991 -0 -32.0544 -9.56431e-05 -7.77622e-06 -2.23008 -1.29696e-05 7.77622e-06 -0.65044 -7.81393e-06 -0 0.2323 
1675154999647539420 -4.67385e-05 -0 -5.1909 -9.3469e-05 0 -33.2218 1.56991 -0 -31.9039 -9.56431e-05 -7.77622e-06 -2.27654 -1.29696e-05 7.77622e-06 -0.55752 -7.81393e-06 -0 0.13938 
1675154999747541072 -4.67385e-05 -0 -4.49878 -9.3469e-05 0 -33.2218 1.56991 -0 -32.0544 -9.56431e-05 -7.77622e-06 -2.23008 -1.29696e-05 7.77622e-06 -0.60398 -7.81393e-06 -0 0.27876 
1675154999847531616 -4.67385e-05 -0 -5.1909 -9.3469e-05 0 -33.9139 1.56991 -0 -31.9039 -9.56431e-05 -7.77622e-06 -2.13716 -1.29696e-05 7.77622e-06 -0.51106 -7.81393e-06 -0 0.18584 
1675154999947536032 -4.67385e-05 -0 -5.53696 -9.3469e-05 0 -33.9139 1.56991 -0 -32.0544 -9.56431e-05 -7.77622e-06 -2.18362 -1.29696e-05 7.77622e-06 -0.55752 -7.81393e-06 -0 0.2323 
1675155000047480629 -4.67385e-05 -0 -4.49878 -9.3469e-05 0 -33.9139 1.56991 -0 -32.0544 -9.56431e-05 -7.77622e-06 -2.323 -1.29696e-05 7.77622e-06 -0.60398 -7.81393e-06 -0 0.32522 
1675155000147533138 -4.67385e-05 -0 -6.22908 -9.3469e-05 0 -33.9139 1.56991 -0 -32.2049 -9.56431e-05 -7.77622e-06 -2.13716 -1.29696e-05 7.77622e-06 -0.65044 -7.81393e-06 -0 0.04646 
1675155000247483732 -4.67385e-05 -0 -4.84484 -9.3469e-05 0 -33.2218 1.56991 -0 -31.9039 -9.56431e-05 -7.77622e-06 -2.18362 -1.29696e-05 7.77622e-06 -0.55752 -7.81393e-06 -0 0.18584 
1675155000347534325 -4.67385e-05 -0 -4.84484 -9.3469e-05 0 -34.2599 1.56991 -0 -31.9039 -9.56431e-05 -7.77622e-06 -2.23008 -1.29696e-05 7.77622e-06 -0.65044 -7.81393e-06 -0 0.13938 
1675155000447536101 -4.67385e-05 -0 -4.15272 -9.3469e-05 0 -32.8757 1.56991 -0 -32.0544 -9.56431e-05 -7.77622e-06 -2.18362 -1.29696e-05 7.77622e-06 -0.55752 -7.81393e-06 -0 0.27876 
1675155000547566028 -4.67385e-05 -0 -4.84484 -9.3469e-05 0 -33.5678 1.56991 -0 -32.0544 -9.56431e-05 -7.77622e-06 -2.23008 -1.29696e-05 7.77622e-06 -0.55752 -7.81393e-06 -0 0.2323 
1675155000647534895 -4.67385e-05 -0 -5.1909 -9.3469e-05 0 -33.9139 1.56991 -0 -32.0544 -9.56431e-05 -7.77622e-06 -2.27654 -1.29696e-05 7.77622e-06 -0.55752 -7.81393e-06 -0 0.18584 
1675155000747537134 -4.67385e-05 -0 -4.49878 -9.3469e-05 0 -33.9139 1.56991 -0 -31.9039 -9.56431e-05 -7.77622e-06 -2.27654 -1.29696e-05 7.77622e-06 -0.60398 -7.81393e-06 -0 0.27876 
1675155000847553744 -4.67385e-05 -0 -5.1909 -9.3469e-05 0 -33.9139 1.56991 -0 -32.0544 -9.56431e-05 -7.77622e-06 -2.18362 -1.29696e-05 7.77622e-06 -0.60398 -7.81393e-06 -0 0.2323 
1675155000947533068 -4.67385e-05 -0 -5.1909 -9.3469e-05 0 -33.9139 1.56991 -0 -32.0544 -9.56431e-05 -7.77622e-06 -2.13716 -1.29696e-05 7.77622e-06 -0.55752 -7.81393e-06 -0 0.37168 
1675155001047533020 -4.67385e-05 -0 -4.84484 -9.3469e-05 0 -33.9139 1.56991 -0 -31.9039 -9.56431e-05 -7.77622e-06 -2.23008 -1.29696e-05 7.77622e-06 -0.55752 -7.81393e-06 -0 0.27876 
1675155001147536405 -4.67385e-05 -0 -4.84484 -9.3469e-05 0 -33.9139 1.56991 -0 -32.0544 -9.56431e-05 -7.77622e-06 -2.18362 -1.29696e-05 7.77622e-06 -0.55752 -7.81393e-06 -0 0.27876 
1675155001247537718 -4.67385e-05 -0 -4.84484 -9.3469e-05 0 -34.2599 1.56991 -0 -31.9039 -9.56431e-05 -7.77622e-06 -2.23008 -1.29696e-05 7.77622e-06 -0.55752 -3.77108e-08 7.77622e-06 0.32522 
1675155001347532958 -4.67385e-05 -0 -5.1909 -9.3469e-05 0 -33.5678 1.56991 -0 -31.7534 -9.56431e-05 -7.77622e-06 -2.23008 -1.29696e-05 7.77622e-06 -0.55752 -3.77108e-08 7.77622e-06 0.18584 
1675155001447531696 -4.67385e-05 -0 -5.1909 -9.3469e-05 0 -33.9139 1.56991 -0 -31.7534 -9.56431e-05 -7.77622e-06 -2.18362 -1.29696e-05 7.77622e-06 -0.55752 -3.77108e-08 7.77622e-06 0.09292 
1675155001547534228 -4.67385e-05 -0 -5.1909 -9.3469e-05 0 -34.2599 1.56991 -0 -32.0544 -9.56431e-05 -7.77622e-06 -2.27654 -1.29696e-05 7.77622e-06 -0.60398 -3.77108e-08 7.77622e-06 -0 
1675155001647533738 -4.67385e-05 -0 -5.1909 -9.3469e-05 0 -33.9139 1.56991 -0 -31.9039 -9.56431e-05 -7.77622e-06 -2.18362 -1.29696e-05 7.77622e-06 -0.60398 -3.77108e-08 7.77622e-06 0.13938 
1675155001747534173 -4.67385e-05 -0 -4.84484 -9.3469e-05 0 -33.9139 1.56991 -0 -31.9039 -9.56431e-05 -7.77622e-06 -2.23008 -1.29696e-05 7.77622e-06 -0.55752 -3.77108e-08 7.77622e-06 -0 
1675155001847532380 -4.67385e-05 -0 -4.84484 -9.3469e-05 0 -33.9139 1.56991 -0 -31.7534 -9.56431e-05 -7.77622e-06 -2.23008 -1.29696e-05 7.77622e-06 -0.55752 -3.77108e-08 7.77622e-06 0.04646 
1675155001947532121 -4.67385e-05 -0 -4.84484 -9.3469e-05 0 -33.5678 1.56991 -0 -32.0544 -9.56431e-05 -7.77622e-06 -2.13716 -1.29696e-05 7.77622e-06 -0.60398 -3.77108e-08 7.77622e-06 0.09292 
1675155002047535578 -4.67385e-05 -0 -4.84484 -9.3469e-05 0 -33.5678 1.56991 -0 -31.9039 -9.56431e-05 -7.77622e-06 -2.323 -1.29696e-05 7.77622e-06 -0.60398 -3.77108e-08 7.77622e-06 -0 
1675155002147534806 -4.67385e-05 -0 -4.49878 -9.3469e-05 0 -33.2218 1.56991 -0 -31.9039 -9.56431e-05 -7.77622e-06 -2.18362 -1.29696e-05 7.77622e-06 -0.51106 -3.77108e-08 7.77622e-06 -0 
1675155002247536000 -4.67385e-05 -0 -5.1909 -9.3469e-05 0 -34.2599 1.56991 -0 -31.7534 -9.56431e-05 -7.77622e-06 -2.18362 -1.29696e-05 7.77622e-06 -0.65044 -3.77108e-08 7.77622e-06 -0.04646 
1675155002347544574 -4.67385e-05 -0 -4.49878 -9.3469e-05 0 -34.2599 1.56991 -0 -31.7534 -9.56431e-05 -7.77622e-06 -2.23008 -1.29696e-05 7.77622e-06 -0.51106 -7.81393e-06 -0 -0.09292 
1675155002447479083 -4.67385e-05 -0 -4.84484 -9.3469e-05 0 -33.9139 1.56991 -0 -31.7534 -9.56431e-05 -7.77622e-06 -2.23008 -1.29696e-05 7.77622e-06 -0.51106 -7.81393e-06 -0 -0 
1675155002547477848 -4.67385e-05 -0 -5.1909 -9.3469e-05 0 -33.5678 1.56991 -0 -31.9039 -9.56431e-05 -7.77622e-06 -2.18362 -1.29696e-05 7.77622e-06 -0.60398 -7.81393e-06 -0 -0 
1675155002647486220 -4.67385e-05 -0 -4.84484 -9.3469e-05 0 -34.2599 1.56991 -0 -31.9039 -9.56431e-05 -7.77622e-06 -2.18362 -1.29696e-05 7.77622e-06 -0.60398 -7.81393e-06 -0 -0 
1675155002747478970 -4.67385e-05 -0 -5.53696 -9.3469e-05 0 -33.2218 1.56991 -0 -31.9039 -9.56431e-05 -7.77622e-06 -2.323 -1.29696e-05 7.77622e-06 -0.55752 -7.81393e-06 -0 0.04646 
1675155002847536941 -4.67385e-05 -0 -5.1909 -9.3469e-05 0 -33.9139 1.56991 -0 -31.7534 -9.56431e-05 -7.77622e-06 -2.23008 -1.29696e-05 7.77622e-06 -0.55752 -7.81393e-06 -0 -0 
1675155002947560723 -4.67385e-05 -0 -4.49878 -9.3469e-05 0 -33.9139 1.56991 -0 -31.7534 -9.56431e-05 -7.77622e-06 -2.18362 -1.29696e-05 7.77622e-06 -0.60398 -7.81393e-06 -0 0.13938 
1675155003047538354 -4.67385e-05 -0 -5.1909 -9.3469e-05 0 -33.9139 1.56991 -0 -31.9039 -9.56431e-05 -7.77622e-06 -2.23008 -1.29696e-05 7.77622e-06 -0.65044 -7.81393e-06 -0 -0.04646 
1675155003147545276 -4.67385e-05 -0 -4.84484 -9.3469e-05 0 -33.5678 1.56991 -0 -31.6029 -9.56431e-05 -7.77622e-06 -2.13716 -1.29696e-05 7.77622e-06 -0.60398 -7.81393e-06 -0 0.09292 
1675155003247543026 -4.67385e-05 -0 -5.1909 -9.3469e-05 0 -33.5678 1.56991 -0 -31.6029 -9.56431e-05 -7.77622e-06 -2.23008 -1.29696e-05 7.77622e-06 -0.65044 -7.81393e-06 -0 -0 
1675155003347539861 -4.67385e-05 -0 -5.1909 -9.3469e-05 0 -33.2218 1.56991 -0 -31.7534 -9.56431e-05 -7.77622e-06 -2.23008 -1.29696e-05 7.77622e-06 -0.60398 -7.81393e-06 -0 -0 
1675155003447488760 -4.67385e-05 -0 -4.84484 -9.3469e-05 0 -33.5678 1.56991 -0 -31.7534 -9.56431e-05 -7.77622e-06 -2.23008 -1.29696e-05 7.77622e-06 -0.60398 -7.81393e-06 -0 0.2323 
1675155003547479115 -4.67385e-05 -0 -4.15272 -9.3469e-05 0 -33.5678 1.56991 -0 -31.7534 -9.56431e-05 -7.77622e-06 -2.18362 -1.29696e-05 7.77622e-06 -0.65044 -7.81393e-06 -0 0.04646 
1675155003647538376 -4.67385e-05 -0 -5.1909 -9.3469e-05 0 -33.5678 1.56991 -0 -31.6029 -9.56431e-05 -7.77622e-06 -2.23008 -1.29696e-05 7.77622e-06 -0.55752 -7.81393e-06 -0 0.09292 
1675155003747557960 -4.67385e-05 -0 -4.84484 -9.3469e-05 0 -33.9139 1.56991 -0 -31.7534 -9.56431e-05 -7.77622e-06 -2.13716 -1.29696e-05 7.77622e-06 -0.60398 -7.81393e-06 -0 0.13938 
1675155003847533033 -4.67385e-05 -0 -5.1909 -9.3469e-05 0 -33.5678 1.56991 -0 -31.6029 -9.56431e-05 -7.77622e-06 -2.18362 -1.29696e-05 7.77622e-06 -0.6969 -7.81393e-06 -0 0.04646 
1675155003947540417 -4.67385e-05 -0 -4.49878 -9.3469e-05 0 -32.8757 1.56991 -0 -31.9039 -9.56431e-05 -7.77622e-06 -2.27654 -1.29696e-05 7.77622e-06 -0.55752 -7.81393e-06 -0 -0 
1675155004047542675 -4.67385e-05 -0 -4.84484 -9.3469e-05 0 -33.5678 1.56991 -0 -31.7534 -9.56431e-05 -7.77622e-06 -2.13716 -1.29696e-05 7.77622e-06 -0.51106 -7.81393e-06 -0 0.09292 
1675155004147541890 -4.67385e-05 -0 -4.84484 -9.3469e-05 0 -33.5678 1.56991 -0 -31.6029 -9.56431e-05 -7.77622e-06 -2.323 -1.29696e-05 7.77622e-06 -0.60398 -7.81393e-06 -0 0.04646 
1675155004247543819 -4.67385e-05 -0 -5.88302 -9.3469e-05 0 -33.9139 1.56991 -0 -31.7534 -9.56431e-05 -7.77622e-06 -2.23008 -1.29696e-05 7.77622e-06 -0.60398 -7.81393e-06 -0 0.2323 
1675155004347539461 -4.67385e-05 -0 -4.49878 -9.3469e-05 0 -34.9521 1.56991 -0 -31.9039 -9.56431e-05 -7.77622e-06 -2.23008 -1.29696e-05 7.77622e-06 -0.55752 -7.81393e-06 -0 0.27876 
1675155004447539895 -4.67385e-05 -0 -5.1909 -9.3469e-05 0 -33.2218 1.56991 -0 -31.6029 -9.56431e-05 -7.77622e-06 -2.27654 -1.29696e-05 7.77622e-06 -0.60398 -7.81393e-06 -0 0.32522 
1675155004547543485 -4.67385e-05 -0 -5.53696 -9.3469e-05 0 -33.5678 1.56991 -0 -31.6029 -9.56431e-05 -7.77622e-06 -2.323 -1.29696e-05 7.77622e-06 -0.60398 -7.81393e-06 -0 0.18584 
1675155004647539142 -4.67385e-05 -0 -5.1909 -9.3469e-05 0 -33.9139 1.56991 -0 -31.6029 -9.56431e-05 -7.77622e-06 -2.27654 -1.29696e-05 7.77622e-06 -0.55752 -7.81393e-06 -0 0.37168 
1675155004747529945 -4.67385e-05 -0 -5.1909 -9.3469e-05 0 -33.9139 1.56991 -0 -31.6029 -9.56431e-05 -7.77622e-06 -2.0907 -1.29696e-05 7.77622e-06 -0.60398 -7.81393e-06 -0 0.2323 
1675155004847537482 -4.67385e-05 -0 -5.53696 -9.3469e-05 0 -33.9139 1.56991 -0 -31.6029 -9.56431e-05 -7.77622e-06 -2.13716 -1.29696e-05 7.77622e-06 -0.60398 -7.81393e-06 -0 0.27876 
1675155004947551760 -4.67385e-05 -0 -5.1909 -9.3469e-05 0 -32.8757 1.56991 -0 -31.6029 -9.56431e-05 -7.77622e-06 -2.23008 -1.29696e-05 7.77622e-06 -0.55752 -3.77108e-08 7.77622e-06 0.18584 
1675155005047537755 -4.67385e-05 -0 -4.84484 -9.3469e-05 0 -33.5678 1.56991 -0 -31.4524 -9.56431e-05 -7.77622e-06 -2.23008 -1.29696e-05 7.77622e-06 -0.55752 -3.77108e-08 7.77622e-06 0.2323 
1675155005147532246 -4.67385e-05 -0 -4.84484 -9.3469e-05 0 -33.5678 1.56991 -0 -31.7534 -9.56431e-05 -7.77622e-06 -2.13716 -1.29696e-05 7.77622e-06 -0.55752 -3.77108e-08 7.77622e-06 0.18584 
1675155005247533363 -4.67385e-05 -0 -5.1909 -9.3469e-05 0 -33.2218 1.56991 -0 -31.6029 -9.56431e-05 -7.77622e-06 -2.23008 -1.29696e-05 7.77622e-06 -0.55752 -3.77108e-08 7.77622e-06 0.2323 
1675155005347539131 -4.67385e-05 -0 -4.84484 -9.3469e-05 0 -33.5678 1.56991 -0 -31.4524 -9.56431e-05 -7.77622e-06 -2.323 -1.29696e-05 7.77622e-06 -0.55752 -3.77108e-08 7.77622e-06 0.13938 
1675155005447538519 -4.67385e-05 -0 -5.1909 -9.3469e-05 0 -33.5678 1.56991 -0 -31.6029 -9.56431e-05 -7.77622e-06 -2.23008 -1.29696e-05 7.77622e-06 -0.55752 -3.77108e-08 7.77622e-06 0.18584 
1675155005547560680 -4.67385e-05 -0 -5.1909 -9.3469e-05 0 -33.5678 1.56991 -0 -31.4524 -9.56431e-05 -7.77622e-06 -2.18362 -1.29696e-05 7.77622e-06 -0.55752 -3.77108e-08 7.77622e-06 0.09292 
1675155005647538204 -4.67385e-05 -0 -5.53696 -9.3469e-05 0 -34.2599 1.56991 -0 -31.4524 -9.56431e-05 -7.77622e-06 -2.23008 -1.29696e-05 7.77622e-06 -0.60398 -3.77108e-08 7.77622e-06 -0 
1675155005747537855 -4.67385e-05 -0 -4.84484 -9.3469e-05 0 -33.5678 1.56991 -0 -31.4524 -9.56431e-05 -7.77622e-06 -2.23008 -1.29696e-05 7.77622e-06 -0.55752 -3.77108e-08 7.77622e-06 -0 
1675155005847536552 -4.67385e-05 -0 -4.84484 -9.3469e-05 0 -33.5678 1.56991 -0 -31.4524 -9.56431e-05 -7.77622e-06 -2.18362 -1.29696e-05 7.77622e-06 -0.51106 -3.77108e-08 7.77622e-06 -0 
1675155005947537105 -4.67385e-05 -0 -6.22908 -9.3469e-05 0 -33.2218 1.56991 -0 -31.4524 -9.56431e-05 -7.77622e-06 -2.23008 -1.29696e-05 7.77622e-06 -0.55752 -3.77108e-08 7.77622e-06 0.04646 
1675155006047551015 -4.67385e-05 -0 -5.1909 -9.3469e-05 0 -33.2218 1.56991 -0 -31.3019 -9.56431e-05 -7.77622e-06 -2.23008 -1.29696e-05 7.77622e-06 -0.55752 -3.77108e-08 7.77622e-06 -0.04646 
1675155006147539395 -4.67385e-05 -0 -5.1909 -9.3469e-05 0 -34.2599 1.56991 -0 -31.6029 -9.56431e-05 -7.77622e-06 -2.18362 -1.29696e-05 7.77622e-06 -0.60398 -3.77108e-08 7.77622e-06 -0.09292 
1675155006247538443 -4.67385e-05 -0 -5.1909 -9.3469e-05 0 -33.5678 1.56991 6.22098e-06 -31.6029 -9.56431e-05 -7.77622e-06 -2.27654 -1.29696e-05 7.77622e-06 -0.55752 -3.77108e-08 7.77622e-06 -0 
1675155006347539823 -4.67385e-05 -0 -5.88302 -9.3469e-05 0 -33.9139 1.56991 6.22098e-06 -31.6029 -9.56431e-05 -7.77622e-06 -2.23008 -1.29696e-05 7.77622e-06 -0.60398 -3.77108e-08 7.77622e-06 -0 
1675155006447536253 -4.67385e-05 -0 -5.1909 -9.3469e-05 0 -34.2599 1.56991 6.22098e-06 -31.3019 -9.56431e-05 -7.77622e-06 -2.23008 -1.29696e-05 7.77622e-06 -0.55752 -3.77108e-08 7.77622e-06 -0.04646 
1675155006547539015 -4.67385e-05 -0 -5.1909 -9.3469e-05 0 -33.2218 1.56991 6.22098e-06 -31.4524 -9.56431e-05 -7.77622e-06 -2.23008 -1.29696e-05 7.77622e-06 -0.65044 -3.77108e-08 7.77622e-06 -0 
1675155006647541448 -4.67385e-05 -0 -5.1909 -9.3469e-05 0 -33.9139 1.56991 6.22098e-06 -31.6029 -9.56431e-05 -7.77622e-06 -2.18362 -1.29696e-05 7.77622e-06 -0.55752 -3.77108e-08 7.77622e-06 -0.04646 
1675155006747532641 -4.67385e-05 -0 -5.1909 -9.3469e-05 0 -33.9139 1.56991 6.22098e-06 -31.6029 -9.56431e-05 -7.77622e-06 -2.23008 -1.29696e-05 7.77622e-06 -0.60398 -3.77108e-08 7.77622e-06 -0.09292 
1675155006847537595 -4.67385e-05 -0 -4.49878 -9.3469e-05 0 -33.5678 1.56991 6.22098e-06 -31.7534 -9.56431e-05 -7.77622e-06 -2.0907 -1.29696e-05 7.77622e-06 -0.65044 -7.81393e-06 -0 -0.04646 
1675155006947533313 -4.67385e-05 -0 -4.84484 -9.3469e-05 0 -32.8757 1.56991 6.22098e-06 -31.4524 -9.56431e-05 -7.77622e-06 -2.23008 -1.29696e-05 7.77622e-06 -0.4646 -7.81393e-06 -0 -0 
1675155007047536671 -4.67385e-05 -0 -5.53696 -9.3469e-05 0 -33.9139 1.56991 6.22098e-06 -31.6029 -9.56431e-05 -7.77622e-06 -2.23008 -1.29696e-05 7.77622e-06 -0.60398 -7.81393e-06 -0 -0 
1675155007147537786 -4.67385e-05 -0 -5.1909 -9.3469e-05 0 -33.5678 1.56991 6.22098e-06 -31.7534 -9.56431e-05 -7.77622e-06 -2.18362 -1.29696e-05 7.77622e-06 -0.55752 -7.81393e-06 -0 0.04646 
1675155007247536696 -4.67385e-05 -0 -4.84484 -9.3469e-05 0 -33.9139 1.56991 6.22098e-06 -31.6029 -9.56431e-05 -7.77622e-06 -2.18362 -1.29696e-05 7.77622e-06 -0.60398 -7.81393e-06 -0 -0 
1675155007347533346 -4.67385e-05 -0 -4.84484 -9.3469e-05 0 -34.606 1.56991 6.22098e-06 -31.6029 -9.56431e-05 -7.77622e-06 -2.23008 -1.29696e-05 7.77622e-06 -0.4646 -7.81393e-06 -0 0.09292 
1675155007447534874 -4.67385e-05 -0 -4.84484 -9.3469e-05 0 -33.9139 1.56991 6.22098e-06 -31.7534 -9.56431e-05 -7.77622e-06 -2.23008 -1.29696e-05 7.77622e-06 -0.51106 -7.81393e-06 -0 0.04646 
1675155007547534256 -4.67385e-05 -0 -5.1909 -9.3469e-05 0 -33.9139 1.56991 6.22098e-06 -31.6029 -9.56431e-05 -7.77622e-06 -2.23008 -1.29696e-05 7.77622e-06 -0.60398 -7.81393e-06 -0 0.13938 
1675155007647538186 -4.67385e-05 -0 -5.88302 -9.3469e-05 0 -33.9139 1.56991 6.22098e-06 -31.6029 -9.56431e-05 -7.77622e-06 -2.23008 -1.29696e-05 7.77622e-06 -0.51106 -7.81393e-06 -0 0.13938 
1675155007747536459 -4.67385e-05 -0 -4.49878 -9.3469e-05 0 -33.9139 1.56991 6.22098e-06 -31.7534 -9.56431e-05 -7.77622e-06 -2.18362 -1.29696e-05 7.77622e-06 -0.60398 -7.81393e-06 -0 0.04646 
1675155007847537297 -4.67385e-05 -0 -5.1909 -9.3469e-05 0 -34.2599 1.56991 6.22098e-06 -31.7534 -9.56431e-05 -7.77622e-06 -2.18362 -1.29696e-05 7.77622e-06 -0.60398 -7.81393e-06 -0 0.18584 
1675155007947533940 -4.67385e-05 -0 -4.49878 -9.3469e-05 0 -33.2218 1.56991 6.22098e-06 -31.7534 -9.56431e-05 -7.77622e-06 -2.27654 -1.29696e-05 7.77622e-06 -0.60398 -7.81393e-06 -0 0.13938 
1675155008047533759 -4.67385e-05 -0 -5.1909 -9.3469e-05 0 -33.9139 1.56991 6.22098e-06 -31.7534 -9.56431e-05 -7.77622e-06 -2.18362 -1.29696e-05 7.77622e-06 -0.55752 -7.81393e-06 -0 -0 
1675155008147533628 -4.67385e-05 -0 -4.49878 -9.3469e-05 0 -33.2218 1.56991 6.22098e-06 -31.7534 -9.56431e-05 -7.77622e-06 -2.23008 -1.29696e-05 7.77622e-06 -0.55752 -7.81393e-06 -0 -0 
1675155008247549483 -4.67385e-05 -0 -5.53696 -9.3469e-05 0 -33.9139 1.56991 6.22098e-06 -31.6029 -9.56431e-05 -7.77622e-06 -2.18362 -1.29696e-05 7.77622e-06 -0.60398 -7.81393e-06 -0 0.18584 
1675155008347540197 -4.67385e-05 -0 -5.53696 -9.3469e-05 0 -33.5678 1.56991 6.22098e-06 -31.7534 -9.56431e-05 -7.77622e-06 -2.23008 -1.29696e-05 7.77622e-06 -0.65044 -7.81393e-06 -0 0.18584 
1675155008447535688 -4.67385e-05 -0 -5.1909 -9.3469e-05 0 -32.8757 1.56991 6.22098e-06 -31.9039 -9.56431e-05 -7.77622e-06 -2.13716 -1.29696e-05 7.77622e-06 -0.55752 -7.81393e-06 -0 0.2323 
1675155008547537075 -4.67385e-05 -0 -5.1909 -9.3469e-05 0 -34.2599 1.56991 6.22098e-06 -31.7534 -9.56431e-05 -7.77622e-06 -2.23008 -1.29696e-05 7.77622e-06 -0.60398 -7.81393e-06 -0 0.18584 
1675155008647535981 -4.67385e-05 -0 -5.53696 -9.3469e-05 0 -33.2218 1.56991 6.22098e-06 -31.9039 -9.56431e-05 -7.77622e-06 -2.23008 -1.29696e-05 7.77622e-06 -0.55752 -7.81393e-06 -0 0.27876 
1675155008747537059 -4.67385e-05 -0 -5.1909 -9.3469e-05 0 -33.5678 1.56991 6.22098e-06 -31.7534 -9.56431e-05 -7.77622e-06 -2.13716 -1.29696e-05 7.77622e-06 -0.55752 -7.81393e-06 -0 0.18584 
1675155008847540527 -4.67385e-05 -0 -5.1909 -9.3469e-05 0 -33.5678 1.56991 6.22098e-06 -31.7534 -9.56431e-05 -7.77622e-06 -2.23008 -1.29696e-05 7.77622e-06 -0.60398 -7.81393e-06 -0 0.18584 
1675155008947538522 -4.67385e-05 -0 -4.84484 -9.3469e-05 0 -33.5678 1.56991 6.22098e-06 -31.9039 -9.56431e-05 -7.77622e-06 -2.18362 -1.29696e-05 7.77622e-06 -0.55752 -3.77108e-08 7.77622e-06 0.13938 
1675155009047534392 -4.67385e-05 -0 -4.84484 -9.3469e-05 0 -33.5678 1.56991 6.22098e-06 -31.9039 -9.56431e-05 -7.77622e-06 -2.18362 -1.29696e-05 7.77622e-06 -0.60398 -3.77108e-08 7.77622e-06 0.09292 
1675155009147537935 -4.67385e-05 -0 -5.1909 -9.3469e-05 0 -34.2599 1.56991 6.22098e-06 -31.9039 -9.56431e-05 -7.77622e-06 -2.23008 -1.29696e-05 7.77622e-06 -0.60398 -3.77108e-08 7.77622e-06 0.13938 
1675155009247538033 -4.67385e-05 -0 -5.1909 -9.3469e-05 0 -33.5678 1.56991 6.22098e-06 -32.0544 -9.56431e-05 -7.77622e-06 -2.27654 -1.29696e-05 7.77622e-06 -0.55752 -3.77108e-08 7.77622e-06 0.04646 
1675155009347538916 -4.67385e-05 -0 -5.1909 -9.3469e-05 0 -34.2599 1.56991 6.22098e-06 -32.0544 -9.56431e-05 -7.77622e-06 -2.27654 -1.29696e-05 7.77622e-06 -0.51106 -3.77108e-08 7.77622e-06 0.09292 
1675155009447538010 -4.67385e-05 -0 -4.84484 -9.3469e-05 0 -33.2218 1.56991 6.22098e-06 -31.9039 -9.56431e-05 -7.77622e-06 -2.23008 -1.29696e-05 7.77622e-06 -0.55752 -3.77108e-08 7.77622e-06 -0 
1675155009547560919 -4.67385e-05 -0 -5.1909 -9.3469e-05 0 -34.2599 1.56991 6.22098e-06 -31.9039 -9.56431e-05 -7.77622e-06 -2.23008 -1.29696e-05 7.77622e-06 -0.55752 -3.77108e-08 7.77622e-06 0.04646 
1675155009647540913 -4.67385e-05 -0 -4.84484 -9.3469e-05 0 -33.9139 1.56991 6.22098e-06 -31.9039 -9.56431e-05 -7.77622e-06 -2.23008 -1.29696e-05 7.77622e-06 -0.55752 -3.77108e-08 7.77622e-06 -0.04646 
1675155009747535531 -4.67385e-05 -0 -5.1909 -9.3469e-05 0 -33.9139 1.56991 6.22098e-06 -31.9039 -9.56431e-05 -7.77622e-06 -2.23008 -1.29696e-05 7.77622e-06 -0.65044 -3.77108e-08 7.77622e-06 -0 
1675155009847536333 -4.67385e-05 -0 -5.1909 -9.3469e-05 0 -33.9139 1.56991 6.22098e-06 -31.9039 -9.56431e-05 -7.77622e-06 -2.18362 -1.29696e-05 7.77622e-06 -0.51106 -3.77108e-08 7.77622e-06 -0 
1675155009947536744 -4.67385e-05 -0 -5.1909 -9.3469e-05 0 -33.5678 1.56991 6.22098e-06 -32.0544 -9.56431e-05 -7.77622e-06 -2.13716 -1.29696e-05 7.77622e-06 -0.55752 -3.77108e-08 7.77622e-06 -0.04646 
1675155010047534774 -4.67385e-05 -0 -4.84484 -9.3469e-05 0 -33.9139 1.56991 6.22098e-06 -32.0544 -9.56431e-05 -7.77622e-06 -2.23008 -1.29696e-05 7.77622e-06 -0.65044 -7.81393e-06 -0 -0 
1675155010147534883 -4.67385e-05 -0 -4.84484 -9.3469e-05 0 -33.9139 1.56991 6.22098e-06 -32.2049 -9.56431e-05 -7.77622e-06 -2.18362 -1.29696e-05 7.77622e-06 -0.55752 -7.81393e-06 -0 -0.04646 
1675155010247474607 -4.67385e-05 -0 -5.53696 -9.3469e-05 0 -33.5678 1.56991 6.22098e-06 -32.2049 -9.56431e-05 -7.77622e-06 -2.23008 -1.29696e-05 7.77622e-06 -0.60398 -7.81393e-06 -0 -0.04646 
1675155010347474659 -4.67385e-05 -0 -4.84484 -9.3469e-05 0 -33.9139 1.56991 6.22098e-06 -31.9039 -9.56431e-05 -7.77622e-06 -2.27654 -1.29696e-05 7.77622e-06 -0.55752 -7.81393e-06 -0 -0 
1675155010447473928 -4.67385e-05 -0 -5.53696 -9.3469e-05 0 -34.2599 1.56991 6.22098e-06 -31.9039 -9.56431e-05 -7.77622e-06 -2.27654 -1.29696e-05 7.77622e-06 -0.51106 -7.81393e-06 -0 -0 
1675155010547474499 -4.67385e-05 -0 -4.84484 -9.3469e-05 0 -33.2218 1.56991 6.22098e-06 -32.2049 -9.56431e-05 -7.77622e-06 -2.18362 -1.29696e-05 7.77622e-06 -0.60398 -7.81393e-06 -0 -0 
1675155010647543781 -4.67385e-05 -0 -5.1909 -9.3469e-05 0 -33.9139 1.56991 6.22098e-06 -32.2049 -9.56431e-05 -7.77622e-06 -2.18362 -1.29696e-05 7.77622e-06 -0.55752 -7.81393e-06 -0 0.09292 
1675155010747542543 -4.67385e-05 -0 -4.84484 -9.3469e-05 0 -33.5678 1.56991 6.22098e-06 -32.2049 -9.56431e-05 -7.77622e-06 -2.27654 -1.29696e-05 7.77622e-06 -0.65044 -7.81393e-06 -0 -0 
1675155010847542262 -4.67385e-05 -0 -5.1909 -9.3469e-05 0 -33.5678 1.56991 6.22098e-06 -32.0544 -9.56431e-05 -7.77622e-06 -2.27654 -1.29696e-05 7.77622e-06 -0.55752 -7.81393e-06 -0 -0 
1675155010947537972 -4.67385e-05 -0 -4.84484 -9.3469e-05 0 -33.2218 1.56991 6.22098e-06 -32.2049 -9.56431e-05 -7.77622e-06 -2.13716 -1.29696e-05 7.77622e-06 -0.55752 -7.81393e-06 -0 0.04646 
1675155011047540721 -4.67385e-05 -0 -4.49878 -9.3469e-05 0 -33.5678 1.56991 6.22098e-06 -32.2049 -9.56431e-05 -7.77622e-06 -2.18362 -1.29696e-05 7.77622e-06 -0.60398 -7.81393e-06 -0 0.04646 
1675155011147536389 -4.67385e-05 -0 -5.1909 -9.3469e-05 0 -34.2599 1.56991 6.22098e-06 -32.2049 -9.56431e-05 -7.77622e-06 -2.23008 -1.29696e-05 7.77622e-06 -0.55752 -7.81393e-06 -0 -0 
1675155011247536513 -4.67385e-05 -0 -5.1909 -9.3469e-05 0 -33.9139 1.56991 6.22098e-06 -32.2049 -9.56431e-05 -7.77622e-06 -2.18362 -1.29696e-05 7.77622e-06 -0.55752 -7.81393e-06 -0 0.04646 
1675155011347543050 -4.67385e-05 -0 -4.84484 -9.3469e-05 0 -33.5678 1.56991 6.22098e-06 -32.2049 -9.56431e-05 -7.77622e-06 -2.23008 -1.29696e-05 7.77622e-06 -0.65044 -7.81393e-06 -0 0.09292 
1675155011447541027 -4.67385e-05 -0 -5.1909 -9.3469e-05 0 -33.2218 1.56991 6.22098e-06 -32.2049 -9.56431e-05 -7.77622e-06 -2.18362 -1.29696e-05 7.77622e-06 -0.55752 -7.81393e-06 -0 0.09292 
1675155011547539095 -4.67385e-05 -0 -4.84484 -9.3469e-05 0 -33.5678 1.56991 6.22098e-06 -32.2049 -9.56431e-05 -7.77622e-06 -2.18362 -1.29696e-05 7.77622e-06 -0.55752 -7.81393e-06 -0 0.04646 
1675155011647541838 -4.67385e-05 -0 -4.84484 -9.3469e-05 0 -33.9139 1.56991 6.22098e-06 -32.2049 -9.56431e-05 -7.77622e-06 -2.27654 -1.29696e-05 7.77622e-06 -0.55752 -7.81393e-06 -0 0.09292 
1675155011747541940 -4.67385e-05 -0 -5.53696 -9.3469e-05 0 -33.9139 1.56991 6.22098e-06 -32.2049 -9.56431e-05 -7.77622e-06 -2.23008 -1.29696e-05 7.77622e-06 -0.60398 -7.81393e-06 -0 0.09292 
1675155011847539308 -4.67385e-05 -0 -5.1909 -9.3469e-05 0 -33.2218 1.56991 6.22098e-06 -32.5058 -9.56431e-05 -7.77622e-06 -2.27654 -1.29696e-05 7.77622e-06 -0.65044 -7.81393e-06 -0 0.13938 
1675155011947542535 -4.67385e-05 -0 -4.84484 -9.3469e-05 0 -33.5678 1.56991 6.22098e-06 -32.3554 -9.56431e-05 -7.77622e-06 -2.23008 -1.29696e-05 7.77622e-06 -0.55752 -7.81393e-06 -0 0.18584 
1675155012047533525 -4.67385e-05 -0 -5.1909 -9.3469e-05 0 -33.5678 1.56991 6.22098e-06 -32.3554 -9.56431e-05 -7.77622e-06 -2.323 -1.29696e-05 7.77622e-06 -0.65044 -7.81393e-06 -0 0.18584 
1675155012147537908 -4.67385e-05 -0 -5.1909 -9.3469e-05 0 -33.5678 1.56991 6.22098e-06 -32.3554 -9.56431e-05 -7.77622e-06 -2.23008 -1.29696e-05 7.77622e-06 -0.65044 -7.81393e-06 -0 0.09292 
1675155012247542911 -4.67385e-05 -0 -6.22908 -9.3469e-05 0 -33.2218 1.56991 6.22098e-06 -32.3554 -9.56431e-05 -7.77622e-06 -2.23008 -1.29696e-05 7.77622e-06 -0.55752 -7.81393e-06 -0 0.18584 
1675155012347533600 -4.67385e-05 -0 -4.84484 -9.3469e-05 0 -33.5678 1.56991 6.22098e-06 -32.3554 -9.56431e-05 -7.77622e-06 -2.23008 -1.29696e-05 7.77622e-06 -0.55752 -7.81393e-06 -0 0.04646 
1675155012447534274 -4.67385e-05 -0 -4.15272 -9.3469e-05 0 -33.2218 1.56991 6.22098e-06 -32.5058 -9.56431e-05 -7.77622e-06 -2.18362 -1.29696e-05 7.77622e-06 -0.51106 -7.81393e-06 -0 0.18584 
1675155012547533313 -4.67385e-05 -0 -5.1909 -9.3469e-05 0 -33.9139 1.56991 6.22098e-06 -32.3554 -9.56431e-05 -7.77622e-06 -2.18362 -1.29696e-05 7.77622e-06 -0.55752 -7.81393e-06 -0 0.27876 
1675155012647535246 -4.67385e-05 -0 -5.1909 -9.3469e-05 0 -33.9139 1.56991 6.22098e-06 -32.3554 -9.56431e-05 -7.77622e-06 -2.13716 -1.29696e-05 7.77622e-06 -0.55752 -7.81393e-06 -0 0.32522 
1675155012747534451 -4.67385e-05 -0 -5.53696 -9.3469e-05 0 -33.9139 1.56991 6.22098e-06 -32.5058 -9.56431e-05 -7.77622e-06 -2.18362 -1.29696e-05 7.77622e-06 -0.51106 -7.81393e-06 -0 0.37168 
1675155012847534599 -4.67385e-05 -0 -4.84484 -9.3469e-05 0 -33.5678 1.56991 6.22098e-06 -32.5058 -9.56431e-05 -7.77622e-06 -2.23008 -1.29696e-05 7.77622e-06 -0.55752 -7.81393e-06 -0 0.27876 
1675155012947539065 -4.67385e-05 -0 -5.1909 -9.3469e-05 0 -33.9139 1.56991 6.22098e-06 -32.5058 -9.56431e-05 -7.77622e-06 -2.18362 -1.29696e-05 7.77622e-06 -0.55752 -7.81393e-06 -0 0.27876 
1675155013047540070 -4.67385e-05 -0 -4.84484 -9.3469e-05 0 -33.9139 1.56991 6.22098e-06 -32.5058 -9.56431e-05 -7.77622e-06 -2.18362 -1.29696e-05 7.77622e-06 -0.60398 -7.81393e-06 -0 0.41814 
1675155013147535540 -4.67385e-05 -0 -5.1909 -9.3469e-05 0 -33.5678 1.56991 6.22098e-06 -32.5058 -9.56431e-05 -7.77622e-06 -2.27654 -1.29696e-05 7.77622e-06 -0.65044 -7.81393e-06 -0 0.32522 
1675155013247540082 -4.67385e-05 -0 -4.84484 -9.3469e-05 0 -33.5678 1.56991 6.22098e-06 -32.3554 -9.56431e-05 -7.77622e-06 -2.23008 -1.29696e-05 7.77622e-06 -0.60398 -7.81393e-06 -0 0.32522 
1675155013347534627 -4.67385e-05 -0 -5.1909 -9.3469e-05 0 -33.9139 1.56991 6.22098e-06 -32.3554 -9.56431e-05 -7.77622e-06 -2.23008 -1.29696e-05 7.77622e-06 -0.65044 -3.77108e-08 7.77622e-06 0.41814 
1675155013447541142 -4.67385e-05 -0 -4.84484 -9.3469e-05 0 -33.5678 1.56991 6.22098e-06 -32.5058 -9.56431e-05 -7.77622e-06 -2.27654 -1.29696e-05 7.77622e-06 -0.60398 -3.77108e-08 7.77622e-06 0.18584 
1675155013547534141 -4.67385e-05 -0 -5.1909 -9.3469e-05 0 -33.9139 1.56991 6.22098e-06 -32.5058 -9.56431e-05 -7.77622e-06 -2.23008 -1.29696e-05 7.77622e-06 -0.51106 -3.77108e-08 7.77622e-06 0.2323 
1675155013647542198 -4.67385e-05 -0 -5.1909 -9.3469e-05 0 -33.2218 1.56991 6.22098e-06 -32.5058 -9.56431e-05 -7.77622e-06 -2.18362 -1.29696e-05 7.77622e-06 -0.51106 -3.77108e-08 7.77622e-06 0.27876 
1675155013747539722 -4.67385e-05 -0 -5.53696 -9.3469e-05 0 -33.2218 1.56991 6.22098e-06 -32.6563 -9.56431e-05 -7.77622e-06 -2.18362 -1.29696e-05 7.77622e-06 -0.55752 -3.77108e-08 7.77622e-06 0.04646 
1675155013847540607 -4.67385e-05 -0 -4.84484 -9.3469e-05 0 -33.5678 1.56991 6.22098e-06 -32.6563 -9.56431e-05 -7.77622e-06 -2.18362 -1.29696e-05 7.77622e-06 -0.60398 -3.77108e-08 7.77622e-06 0.09292 
1675155013947537842 -4.67385e-05 -0 -5.1909 -9.3469e-05 0 -34.2599 1.56991 6.22098e-06 -32.6563 -9.56431e-05 -7.77622e-06 -2.13716 -1.29696e-05 7.77622e-06 -0.55752 -3.77108e-08 7.77622e-06 0.32522 
1675155014047551829 -4.67385e-05 -0 -4.84484 -9.3469e-05 0 -34.2599 1.56991 6.22098e-06 -32.6563 -9.56431e-05 -7.77622e-06 -2.23008 -1.29696e-05 7.77622e-06 -0.60398 -3.77108e-08 7.77622e-06 0.2323 
1675155014147541965 -4.67385e-05 -0 -5.1909 -9.3469e-05 0 -33.5678 1.56991 6.22098e-06 -32.5058 -9.56431e-05 -7.77622e-06 -2.18362 -1.29696e-05 7.77622e-06 -0.51106 -3.77108e-08 7.77622e-06 0.09292 
1675155014247539838 -4.67385e-05 -0 -4.84484 -9.3469e-05 0 -33.9139 1.56991 6.22098e-06 -32.6563 -9.56431e-05 -7.77622e-06 -2.27654 -1.29696e-05 7.77622e-06 -0.60398 -3.77108e-08 7.77622e-06 0.09292 
1675155014347540515 -4.67385e-05 -0 -5.1909 -9.3469e-05 0 -33.5678 1.56991 6.22098e-06 -32.8068 -9.56431e-05 -7.77622e-06 -2.18362 -1.29696e-05 7.77622e-06 -0.60398 -3.77108e-08 7.77622e-06 0.13938 
1675155014447537045 -4.67385e-05 -0 -5.1909 -9.3469e-05 0 -33.9139 1.56991 6.22098e-06 -32.6563 -9.56431e-05 -7.77622e-06 -2.23008 -1.29696e-05 7.77622e-06 -0.60398 -3.77108e-08 7.77622e-06 -0 
1675155014547543657 -4.67385e-05 -0 -4.49878 -9.3469e-05 0 -33.5678 1.56991 6.22098e-06 -32.6563 -9.56431e-05 -7.77622e-06 -2.27654 -1.29696e-05 7.77622e-06 -0.55752 -7.81393e-06 -0 0.13938 
1675155014647540394 -4.67385e-05 -0 -4.49878 -9.3469e-05 0 -33.2218 1.56991 6.22098e-06 -32.8068 -9.56431e-05 -7.77622e-06 -2.27654 -1.29696e-05 7.77622e-06 -0.4646 -7.81393e-06 -0 -0 
1675155014747551719 -4.67385e-05 -0 -5.1909 -9.3469e-05 0 -33.5678 1.56991 6.22098e-06 -32.8068 -9.56431e-05 -7.77622e-06 -2.18362 -1.29696e-05 7.77622e-06 -0.55752 -7.81393e-06 -0 -0 
1675155014847540267 -4.67385e-05 -0 -5.53696 -9.3469e-05 0 -34.2599 1.56991 6.22098e-06 -32.6563 -9.56431e-05 -7.77622e-06 -2.27654 -1.29696e-05 7.77622e-06 -0.51106 -7.81393e-06 -0 -0 
1675155014947546409 -4.67385e-05 -0 -6.22908 -9.3469e-05 0 -33.2218 1.56991 6.22098e-06 -32.6563 -9.56431e-05 -7.77622e-06 -2.27654 -1.29696e-05 7.77622e-06 -0.55752 -7.81393e-06 -0 0.04646 
1675155015047535163 -4.67385e-05 -0 -5.53696 -9.3469e-05 0 -33.9139 1.56991 6.22098e-06 -32.8068 -9.56431e-05 -7.77622e-06 -2.23008 -1.29696e-05 7.77622e-06 -0.55752 -7.81393e-06 -0 -0 
1675155015147535181 -4.67385e-05 -0 -5.1909 -9.3469e-05 0 -33.2218 1.56991 6.22098e-06 -32.9573 -9.56431e-05 -7.77622e-06 -2.18362 -1.29696e-05 7.77622e-06 -0.55752 -7.81393e-06 -0 0.09292 
1675155015247539749 -4.67385e-05 -0 -4.49878 -9.3469e-05 0 -34.2599 1.56991 6.22098e-06 -32.8068 -9.56431e-05 -7.77622e-06 -2.23008 -1.29696e-05 7.77622e-06 -0.4646 -7.81393e-06 -0 0.04646 
1675155015347551783 -4.67385e-05 -0 -4.84484 -9.3469e-05 0 -34.2599 1.56991 6.22098e-06 -32.8068 -9.56431e-05 -7.77622e-06 -2.23008 -1.29696e-05 7.77622e-06 -0.55752 -7.81393e-06 -0 0.09292 
1675155015447538140 -4.67385e-05 -0 -4.49878 -9.3469e-05 0 -33.9139 1.56991 6.22098e-06 -32.8068 -9.56431e-05 -7.77622e-06 -2.23008 -1.29696e-05 7.77622e-06 -0.55752 -7.81393e-06 -0 0.09292 
1675155015547541178 -4.67385e-05 -0 -5.53696 -9.3469e-05 0 -33.9139 1.56991 6.22098e-06 -32.8068 -9.56431e-05 -7.77622e-06 -2.18362 -1.29696e-05 7.77622e-06 -0.55752 -7.81393e-06 -0 0.18584 
1675155015647539430 -4.67385e-05 -0 -4.84484 -9.3469e-05 0 -33.9139 1.56991 6.22098e-06 -32.8068 -9.56431e-05 -7.77622e-06 -2.18362 -1.29696e-05 7.77622e-06 -0.55752 -7.81393e-06 -0 -0 
1675155015747539383 -4.67385e-05 -0 -5.1909 -9.3469e-05 0 -33.2218 1.56991 6.22098e-06 -32.9573 -9.56431e-05 -7.77622e-06 -2.18362 -1.29696e-05 7.77622e-06 -0.60398 -7.81393e-06 -0 0.04646 
1675155015847539449 -4.67385e-05 -0 -5.53696 -9.3469e-05 0 -32.8757 1.56991 6.22098e-06 -32.9573 -9.56431e-05 -7.77622e-06 -2.23008 -1.29696e-05 7.77622e-06 -0.60398 -7.81393e-06 -0 0.09292 
1675155015947538262 -4.67385e-05 -0 -5.53696 -9.3469e-05 0 -33.2218 1.56991 6.22098e-06 -32.8068 -9.56431e-05 -7.77622e-06 -2.23008 -1.29696e-05 7.77622e-06 -0.55752 -7.81393e-06 -0 0.09292 
1675155016047537778 -4.67385e-05 -0 -5.53696 -9.3469e-05 0 -33.5678 1.56991 6.22098e-06 -32.8068 -9.56431e-05 -7.77622e-06 -2.18362 -1.29696e-05 7.77622e-06 -0.55752 -7.81393e-06 -0 0.13938 
1675155016147534988 -4.67385e-05 -0 -5.1909 -9.3469e-05 0 -33.5678 1.56991 6.22098e-06 -32.8068 -9.56431e-05 -7.77622e-06 -2.23008 -1.29696e-05 7.77622e-06 -0.55752 -7.81393e-06 -0 0.27876 
1675155016247536651 -4.67385e-05 -0 -5.53696 -9.3469e-05 0 -33.2218 1.56991 6.22098e-06 -32.9573 -9.56431e-05 -7.77622e-06 -2.23008 -1.29696e-05 7.77622e-06 -0.4646 -7.81393e-06 -0 0.2323 
1675155016347536271 -4.67385e-05 -0 -5.1909 -9.3469e-05 0 -33.5678 1.56991 6.22098e-06 -32.9573 -9.56431e-05 -7.77622e-06 -2.23008 -1.29696e-05 7.77622e-06 -0.51106 -7.81393e-06 -0 0.27876 
1675155016447478643 -4.67385e-05 -0 -4.84484 -9.3469e-05 0 -33.5678 1.56991 6.22098e-06 -32.9573 -9.56431e-05 -7.77622e-06 -2.18362 -1.29696e-05 7.77622e-06 -0.55752 -7.81393e-06 -0 0.27876 
1675155016547478844 -4.67385e-05 -0 -5.1909 -9.3469e-05 0 -33.9139 1.56991 6.22098e-06 -32.9573 -9.56431e-05 -7.77622e-06 -2.18362 -1.29696e-05 7.77622e-06 -0.60398 -7.81393e-06 -0 0.27876 
1675155016647479558 -4.67385e-05 -0 -5.53696 -9.3469e-05 0 -33.2218 1.56991 6.22098e-06 -33.2583 -9.56431e-05 -7.77622e-06 -2.18362 -1.29696e-05 7.77622e-06 -0.60398 -7.81393e-06 -0 0.27876 
1675155016747478911 -4.67385e-05 -0 -4.84484 -9.3469e-05 0 -33.5678 1.56991 6.22098e-06 -33.1078 -9.56431e-05 -7.77622e-06 -2.23008 -1.29696e-05 7.77622e-06 -0.60398 -7.81393e-06 -0 0.27876 
1675155016847478832 -4.67385e-05 -0 -4.84484 -9.3469e-05 0 -33.9139 1.56991 6.22098e-06 -32.9573 -9.56431e-05 -7.77622e-06 -2.18362 -1.29696e-05 7.77622e-06 -0.60398 -7.81393e-06 -0 0.32522 
1675155016947477572 -4.67385e-05 -0 -4.84484 -9.3469e-05 0 -33.5678 1.56991 6.22098e-06 -32.9573 -9.56431e-05 -7.77622e-06 -2.23008 -1.29696e-05 7.77622e-06 -0.55752 -7.81393e-06 -0 0.2323 
1675155017047478266 -4.67385e-05 -0 -5.1909 -9.3469e-05 0 -33.5678 1.56991 6.22098e-06 -33.1078 -9.56431e-05 -7.77622e-06 -2.23008 -1.29696e-05 7.77622e-06 -0.60398 -7.81393e-06 -0 0.37168 
1675155017147479478 -4.67385e-05 -0 -5.1909 -9.3469e-05 0 -33.5678 1.56991 6.22098e-06 -32.9573 -9.56431e-05 -7.77622e-06 -2.27654 -1.29696e-05 7.77622e-06 -0.6969 -7.81393e-06 -0 0.37168 
1675155017247480985 -4.67385e-05 -0 -5.88302 -9.3469e-05 0 -33.9139 1.56991 6.22098e-06 -33.1078 -9.56431e-05 -7.77622e-06 -2.18362 -1.29696e-05 7.77622e-06 -0.60398 -3.77108e-08 7.77622e-06 0.27876 
1675155017347546609 -4.67385e-05 -0 -4.84484 -9.3469e-05 0 -33.9139 1.56991 6.22098e-06 -33.1078 -9.56431e-05 -7.77622e-06 -2.27654 -1.29696e-05 7.77622e-06 -0.55752 -3.77108e-08 7.77622e-06 0.32522 
1675155017447541722 -4.67385e-05 -0 -4.84484 -9.3469e-05 0 -33.5678 1.56991 6.22098e-06 -33.1078 -9.56431e-05 -7.77622e-06 -2.27654 -1.29696e-05 7.77622e-06 -0.51106 -3.77108e-08 7.77622e-06 0.32522 
1675155017547540722 -4.67385e-05 -0 -4.15272 -9.3469e-05 0 -33.5678 1.56991 6.22098e-06 -33.2583 -9.56431e-05 -7.77622e-06 -2.23008 -1.29696e-05 7.77622e-06 -0.55752 -3.77108e-08 7.77622e-06 0.18584 
1675155017647541081 -4.67385e-05 -0 -5.1909 -9.3469e-05 0 -33.9139 1.56991 6.22098e-06 -33.1078 -9.56431e-05 -7.77622e-06 -2.18362 -1.29696e-05 7.77622e-06 -0.65044 -3.77108e-08 7.77622e-06 0.09292 
1675155017747541449 -4.67385e-05 -0 -5.1909 -9.3469e-05 0 -33.9139 1.56991 6.22098e-06 -32.9573 -9.56431e-05 -7.77622e-06 -2.18362 -1.29696e-05 7.77622e-06 -0.60398 -3.77108e-08 7.77622e-06 0.2323 
1675155017847539478 -4.67385e-05 -0 -5.53696 -9.3469e-05 0 -33.5678 1.56991 6.22098e-06 -33.2583 -9.56431e-05 -7.77622e-06 -2.18362 -1.29696e-05 7.77622e-06 -0.51106 -3.77108e-08 7.77622e-06 0.09292 
1675155017947535331 -4.67385e-05 -0 -5.53696 -9.3469e-05 0 -33.2218 1.56991 6.22098e-06 -32.9573 -9.56431e-05 -7.77622e-06 -2.23008 -1.29696e-05 7.77622e-06 -0.60398 -3.77108e-08 7.77622e-06 -0 
1675155018047541493 -4.67385e-05 -0 -4.84484 -9.3469e-05 0 -33.5678 1.56991 6.22098e-06 -32.9573 -9.56431e-05 -7.77622e-06 -2.27654 -1.29696e-05 7.77622e-06 -0.60398 -3.77108e-08 7.77622e-06 0.18584 
1675155018147543914 -4.67385e-05 -0 -4.84484 -9.3469e-05 0 -33.9139 1.56991 6.22098e-06 -33.1078 -9.56431e-05 -7.77622e-06 -2.18362 -1.29696e-05 7.77622e-06 -0.55752 -3.77108e-08 7.77622e-06 0.13938 
1675155018247535187 -4.67385e-05 -0 -5.1909 -9.3469e-05 0 -33.5678 1.56991 6.22098e-06 -33.2583 -9.56431e-05 -7.77622e-06 -2.27654 -1.29696e-05 7.77622e-06 -0.60398 -3.77108e-08 7.77622e-06 -0 
1675155018347540192 -4.67385e-05 -0 -4.84484 -9.3469e-05 0 -33.9139 1.56991 6.22098e-06 -33.2583 -9.56431e-05 -7.77622e-06 -2.27654 -1.29696e-05 7.77622e-06 -0.60398 -3.77108e-08 7.77622e-06 0.04646 
1675155018447541627 -4.67385e-05 -0 -5.1909 -9.3469e-05 0 -33.5678 1.56991 6.22098e-06 -33.2583 -9.56431e-05 -7.77622e-06 -2.18362 -1.29696e-05 7.77622e-06 -0.60398 -3.77108e-08 7.77622e-06 0.04646 
1675155018547552159 -4.67385e-05 -0 -5.1909 -9.3469e-05 0 -33.9139 1.56991 6.22098e-06 -33.2583 -9.56431e-05 -7.77622e-06 -2.23008 -1.29696e-05 7.77622e-06 -0.65044 -7.81393e-06 -0 -0.09292 
1675155018647541892 -4.67385e-05 -0 -4.84484 -9.3469e-05 0 -33.9139 1.56991 -0 -33.1078 -9.56431e-05 -7.77622e-06 -2.23008 -1.29696e-05 7.77622e-06 -0.51106 -7.81393e-06 -0 0.13938 
1675155018747539686 -4.67385e-05 -0 -5.1909 -9.3469e-05 0 -33.2218 1.56991 -0 -33.4088 -9.56431e-05 -7.77622e-06 -2.18362 -1.29696e-05 7.77622e-06 -0.55752 -7.81393e-06 -0 0.04646 
1675155018847544483 -4.67385e-05 -0 -4.49878 -9.3469e-05 0 -33.5678 1.56991 -0 -33.2583 -9.56431e-05 -7.77622e-06 -2.23008 -1.29696e-05 7.77622e-06 -0.55752 -7.81393e-06 -0 -0.09292 
1675155018947539039 -4.67385e-05 -0 -5.1909 -9.3469e-05 0 -33.2218 1.56991 -0 -33.1078 -9.56431e-05 -7.77622e-06 -2.27654 -1.29696e-05 7.77622e-06 -0.60398 -7.81393e-06 -0 0.04646 
1675155019047550891 -4.67385e-05 -0 -4.84484 -9.3469e-05 0 -33.9139 1.56991 -0 -33.2583 -9.56431e-05 -7.77622e-06 -2.13716 -1.29696e-05 7.77622e-06 -0.60398 -7.81393e-06 -0 -0 
1675155019147556066 -4.67385e-05 -0 -5.1909 -9.3469e-05 0 -33.5678 1.56991 -0 -32.9573 -9.56431e-05 -7.77622e-06 -2.23008 -1.29696e-05 7.77622e-06 -0.55752 -7.81393e-06 -0 -0 
1675155019247536373 -4.67385e-05 -0 -4.49878 -9.3469e-05 0 -33.9139 1.56991 -0 -33.2583 -9.56431e-05 -7.77622e-06 -2.13716 -1.29696e-05 7.77622e-06 -0.6969 -7.81393e-06 -0 -0 
1675155019347535832 -4.67385e-05 -0 -4.84484 -9.3469e-05 0 -33.5678 1.56991 -0 -33.1078 -9.56431e-05 -7.77622e-06 -2.23008 -1.29696e-05 7.77622e-06 -0.55752 -7.81393e-06 -0 -0 
1675155019447540944 -4.67385e-05 -0 -5.1909 -9.3469e-05 0 -33.9139 1.56991 -0 -33.1078 -9.56431e-05 -7.77622e-06 -2.323 -1.29696e-05 7.77622e-06 -0.51106 -7.81393e-06 -0 0.04646 
1675155019547538979 -4.67385e-05 -0 -5.1909 -9.3469e-05 0 -34.2599 1.56991 -0 -33.1078 -9.56431e-05 -7.77622e-06 -2.27654 -1.29696e-05 7.77622e-06 -0.55752 -7.81393e-06 -0 -0 
1675155019647539615 -4.67385e-05 -0 -4.49878 -9.3469e-05 0 -33.2218 1.56991 -0 -33.2583 -9.56431e-05 -7.77622e-06 -2.18362 -1.29696e-05 7.77622e-06 -0.55752 -7.81393e-06 -0 0.13938 
1675155019747542452 -4.67385e-05 -0 -4.84484 -9.3469e-05 0 -33.2218 1.56991 -0 -33.1078 -9.56431e-05 -7.77622e-06 -2.23008 -1.29696e-05 7.77622e-06 -0.60398 -7.81393e-06 -0 0.13938 
1675155019847542632 -4.67385e-05 -0 -4.49878 -9.3469e-05 0 -33.2218 1.56991 -0 -33.2583 -9.56431e-05 -7.77622e-06 -2.23008 -1.29696e-05 7.77622e-06 -0.60398 -7.81393e-06 -0 -0 
1675155019947537002 -4.67385e-05 -0 -5.1909 -9.3469e-05 0 -34.606 1.56991 -0 -33.1078 -9.56431e-05 -7.77622e-06 -2.18362 -1.29696e-05 7.77622e-06 -0.55752 -7.81393e-06 -0 0.2323 
1675155020047541315 -4.67385e-05 -0 -4.84484 -9.3469e-05 0 -33.9139 1.56991 -0 -33.1078 -9.56431e-05 -7.77622e-06 -2.23008 -1.29696e-05 7.77622e-06 -0.55752 -7.81393e-06 -0 0.09292 
1675155020147547578 -4.67385e-05 -0 -4.15272 -9.3469e-05 0 -33.2218 1.56991 -0 -33.1078 -9.56431e-05 -7.77622e-06 -2.23008 -1.29696e-05 7.77622e-06 -0.51106 -7.81393e-06 -0 0.27876 
1675155020247535730 -4.67385e-05 -0 -5.1909 -9.3469e-05 0 -33.2218 1.56991 -0 -32.9573 -9.56431e-05 -7.77622e-06 -2.27654 -1.29696e-05 7.77622e-06 -0.51106 -7.81393e-06 -0 0.13938 
1675155020347543670 -4.67385e-05 -0 -4.84484 -9.3469e-05 0 -33.5678 1.56991 -0 -32.9573 -9.56431e-05 -7.77622e-06 -2.23008 -1.29696e-05 7.77622e-06 -0.60398 -7.81393e-06 -0 0.13938 
1675155020447539522 -4.67385e-05 -0 -5.53696 -9.3469e-05 0 -33.5678 1.56991 -0 -33.1078 -9.56431e-05 -7.77622e-06 -2.18362 -1.29696e-05 7.77622e-06 -0.55752 -7.81393e-06 -0 0.2323 
1675155020547537827 -4.67385e-05 -0 -5.1909 -9.3469e-05 0 -33.2218 1.56991 -0 -32.9573 -9.56431e-05 -7.77622e-06 -2.18362 -1.29696e-05 7.77622e-06 -0.55752 -7.81393e-06 -0 0.13938 
1675155020647540121 -0.000488157 -0.0187509 -20.7636 0.000244058 0.0103854 -16.9569 1.56871 -0.0458424 -48.6083 -0.00055444 -0.0185385 -5.94688 0.000383618 0.0169288 1.02212 -7.81393e-06 -0 0.18584 
1675155020747545669 -0.00171361 -0.00424764 -15.9188 0.00111643 0.00618452 -31.1454 1.56516 -0.0166971 -39.8799 -0.00208635 -0.00933924 -5.76104 0.00163559 0.00919149 0.9292 -7.81393e-06 -0 0.18584 
1675155020847540691 -0.00502652 -0.0602511 -16.6109 0.00352585 0.0410536 -17.6491 1.55598 -0.175152 -46.5014 -0.00625441 -0.0650247 -6.08626 0.00497936 0.0501411 2.46238 -7.81393e-06 -0 0.2323 
1675155020947536304 -0.0133349 -0.0934169 -34.9521 0.00950267 0.0680973 -2.76848 1.53206 -0.283652 -47.1034 -0.0164801 -0.114894 -5.94688 0.0133155 0.0971016 1.57964 -7.81393e-06 -0 0.2323 
1675155021047536877 -0.024198 -0.121733 -21.1097 0.0173748 0.0899534 -24.5703 1.50099 -0.373538 -36.5691 -0.0298008 -0.152118 -3.90264 0.0241866 0.113579 3.7168 -7.81393e-06 -0 0.13938 
1675155021147535234 -0.0387064 -0.167995 -22.1478 0.0279264 0.124563 -40.143 1.46014 -0.499016 -54.9289 -0.0475617 -0.213457 -5.52874 0.0387437 0.16701 2.74114 -3.77108e-08 7.77622e-06 0.27876 
1675155021247532937 -0.0530695 -0.219782 -45.3339 0.038208 0.159598 -20.0715 1.41875 -0.627037 -67.269 -0.0652137 -0.270332 -7.85174 0.0531841 0.223232 2.27654 -3.77108e-08 7.77622e-06 0.27876 
1675155021347537719 -0.0703873 -0.223006 -71.6344 0.0506601 0.168026 -10.3818 1.37027 -0.588492 -112.868 -0.0863184 -0.27961 -9.33846 0.0704396 0.23478 4.08848 -3.77108e-08 7.77622e-06 0.37168 
1675155021447535128 -0.100775 -0.305815 -47.0642 0.0726772 0.22068 -21.4557 1.28206 -0.878613 -54.0259 -0.123839 -0.374962 -6.08626 0.100922 0.304734 4.27432 -3.77108e-08 7.77622e-06 0.32522 
1675155021547536616 -0.129906 -0.323672 -16.9569 0.0937181 0.231699 -36.3363 1.1996 -0.964326 -42.4382 -0.159415 -0.40392 -5.20352 0.129935 0.317355 2.97344 -3.77108e-08 7.77622e-06 0.41814 
1675155021647532678 -0.157017 -0.358806 -87.5532 0.113295 0.270416 -44.2957 1.1243 -0.993701 -121.897 -0.192643 -0.450935 -10.5464 0.157191 0.365125 5.3429 -3.77108e-08 7.77622e-06 0.32522 
1675155021747534366 -0.186247 -0.404788 -93.4362 0.13445 0.290475 13.8424 1.03862 -1.17358 -71.1818 -0.228631 -0.500306 -10.3606 0.186406 0.403702 7.06192 -3.77108e-08 7.77622e-06 0.88274 
1675155021847540640 -0.227394 -0.424266 -77.5174 0.164022 0.306272 13.8424 0.922148 -1.1892 -96.7651 -0.278865 -0.528573 -9.66368 0.227488 0.431611 4.36724 7.73851e-06 7.77622e-06 1.53318 
1675155021947537881 -0.273464 -0.415334 -37.7205 0.197282 0.301068 -22.4939 0.790263 -1.19674 -48.0063 -0.335282 -0.513355 -6.17918 0.273523 0.406479 5.01768 1.55147e-05 7.77622e-06 1.48672 
1675155022047541294 -0.308084 -0.368792 -37.3745 0.222279 0.26608 -29.069 0.691642 -1.07107 -37.9235 -0.377732 -0.453198 -6.55086 0.308135 0.373741 3.39158 2.3291e-05 7.77622e-06 0.9292 
1675155022147539193 -0.341073 -0.32738 -49.4866 0.246155 0.244099 -40.143 0.598415 -0.94157 -56.5842 -0.418106 -0.395569 -8.26988 0.341169 0.325505 4.46016 2.3291e-05 7.77622e-06 0.32522 
1675155022247539896 -0.364622 -0.310872 -52.9472 0.263172 0.221568 5.1909 0.530407 -0.892984 -50.2637 -0.447104 -0.389161 -4.36724 0.364692 0.311686 4.55308 2.3291e-05 7.77622e-06 0.27876 
1675155022347536620 -0.387143 -0.233797 -69.5581 0.279306 0.171167 4.49878 0.466922 -0.623976 -83.6724 -0.474562 -0.280029 -8.40926 0.387157 0.241872 5.3429 2.3291e-05 7.77622e-06 0.37168 
1675155022447541480 -0.414706 -0.227233 -44.2957 0.299376 0.16247 -20.7636 0.387449 -0.672257 -27.5397 -0.508466 -0.284361 -3.39158 0.414771 0.222384 4.32078 2.3291e-05 7.77622e-06 0.2323 
1675155022547542445 -0.433166 -0.166769 -13.4963 0.312591 0.114769 -5.53696 0.33477 -0.486051 -17.9083 -0.53097 -0.203278 -3.34512 0.433208 0.15991 3.06636 2.3291e-05 7.77622e-06 0.32522 
1675155022647544385 -0.445691 -0.144461 -38.0666 0.321767 0.11331 -56.4078 0.300399 -0.409471 -54.0259 -0.546375 -0.182399 -4.22786 0.445798 0.143456 4.1814 2.3291e-05 7.77622e-06 0.37168 
1675155022747538803 -0.455941 -0.110911 -19.0333 0.329145 0.0767224 -24.2242 0.269891 -0.336909 -17.7578 -0.559066 -0.136263 -1.02212 0.456055 0.113898 1.81194 2.3291e-05 7.77622e-06 0.37168 
1675155022847536737 -0.463424 -0.062027 -21.4557 0.334452 0.0444393 -32.8757 0.249194 -0.174082 -30.399 -0.568008 -0.0814637 -3.15928 0.463458 0.0619687 2.36946 2.3291e-05 7.77622e-06 0.37168 
1675155022947540957 -0.467391 -0.0151108 -6.22908 0.33735 0.0115019 -39.4508 0.237648 -0.052785 -27.5397 -0.572884 -0.0219367 -3.9491 0.467454 0.0170844 2.23008 2.3291e-05 7.77622e-06 0.41814 
1675155023047539935 -0.467973 -0 0.34606 0.337786 3.6349e-05 -40.143 0.235937 6.22098e-06 -18.5103 -0.573677 -1.55524e-05 -3.4845 0.468045 7.77622e-06 1.20796 2.3291e-05 7.77622e-06 0.32522 
1675155023147544446 -0.467967 0.00368163 26.3006 0.337812 -5.19272e-06 -50.5248 0.235993 6.22098e-06 -19.8647 -0.573677 -7.77622e-06 -2.69468 0.468038 -0 -0.60398 2.3291e-05 7.77622e-06 0.32522 
1675155023247531734 -0.467952 5.19272e-06 13.1503 0.337786 -5.19272e-06 -50.5248 0.235987 -0 -19.7142 -0.573677 -7.77622e-06 -2.23008 0.468022 -0.00135306 -0.74336 2.3291e-05 7.77622e-06 0.4646 
1675155023347543032 -0.467936 5.19272e-06 10.7279 0.337791 0 -53.9854 0.235987 -0 -19.7142 -0.573677 -7.77622e-06 -2.13716 0.468022 -0 -0.9292 2.3291e-05 7.77622e-06 0.32522 
1675155023447540442 -0.467936 5.19272e-06 11.0739 0.337786 -5.19272e-06 -53.9854 0.235987 -0 -19.7142 -0.573677 -7.77622e-06 -2.0907 0.468022 -0 -0.88274 2.3291e-05 7.77622e-06 0.4646 
1675155023547542436 -0.467936 5.19272e-06 10.7279 0.337786 -5.19272e-06 -53.9854 0.235987 -0 -19.7142 -0.573677 -7.77622e-06 -2.04424 0.468014 -0 -0.74336 2.3291e-05 7.77622e-06 0.4646 
1675155023647544532 -0.467936 5.19272e-06 10.7279 0.337786 -5.19272e-06 -54.6775 0.235987 -0 -19.7142 -0.573677 -7.77622e-06 -2.04424 0.468014 -0 -0.74336 2.3291e-05 7.77622e-06 0.37168 
1675155023747540684 -0.467936 5.19272e-06 10.7279 0.337786 -5.19272e-06 -54.6775 0.235987 -0 -19.7142 -0.573677 -7.77622e-06 -2.04424 0.468014 -0 -0.74336 2.3291e-05 7.77622e-06 0.37168 
1675155023847541245 -0.467936 5.19272e-06 10.7279 0.337781 -5.19272e-06 -55.0235 0.235987 -0 -19.7142 -0.573677 -7.77622e-06 -1.99778 0.468014 -0 -0.60398 2.3291e-05 7.77622e-06 0.32522 
1675155023947536033 -0.467936 5.19272e-06 10.3818 0.337781 -5.19272e-06 -54.6775 0.235987 -0 -19.7142 -0.573677 -7.77622e-06 -1.90486 0.468014 -0 -0.55752 2.3291e-05 7.77622e-06 0.4646 
1675155024047540352 -0.467936 5.19272e-06 11.766 0.337781 -5.19272e-06 -54.6775 0.235987 -0 -19.7142 -0.573677 -7.77622e-06 -1.95132 0.468014 -0 -0.51106 2.3291e-05 7.77622e-06 0.41814 
1675155024147540148 -0.467936 5.19272e-06 11.0739 0.337781 -5.19272e-06 -54.6775 0.235987 -0 -19.7142 -0.573677 -7.77622e-06 -1.99778 0.468014 -0 -0.37168 2.3291e-05 7.77622e-06 0.41814 
1675155024247537408 -0.467936 5.19272e-06 10.7279 0.337781 -5.19272e-06 -55.0235 0.235987 -0 -19.7142 -0.573677 -7.77622e-06 -1.90486 0.468014 -0 -0.41814 2.3291e-05 7.77622e-06 0.37168 
1675155024347543007 -0.467936 5.19272e-06 11.0739 0.337781 -5.19272e-06 -55.0235 0.235987 -0 -19.5637 -0.573677 -7.77622e-06 -1.8584 0.468014 -0 -0.41814 2.3291e-05 7.77622e-06 0.4646 
1675155024447537119 -0.467936 5.19272e-06 11.0739 0.337781 -5.19272e-06 -54.6775 0.235987 -0 -19.7142 -0.573677 -7.77622e-06 -1.71902 0.468014 -0 -0.41814 2.3291e-05 7.77622e-06 0.4646 
1675155024547539238 -0.467936 5.19272e-06 10.7279 0.337781 -5.19272e-06 -54.3314 0.235987 -0 -19.8647 -0.573677 -7.77622e-06 -1.76548 0.468014 -0 -0.27876 2.3291e-05 7.77622e-06 0.37168 
1675155024647569158 -0.467936 5.19272e-06 11.0739 0.337781 -5.19272e-06 -55.0235 0.235987 -0 -19.7142 -0.573677 -7.77622e-06 -1.71902 0.468014 -0 -0.2323 2.3291e-05 7.77622e-06 0.37168 
1675155024747541548 -0.467936 5.19272e-06 11.0739 0.337781 -5.19272e-06 -55.0235 0.235987 -0 -19.8647 -0.57367 0 -1.8584 0.468014 -0 -0.18584 2.3291e-05 7.77622e-06 0.51106 
1675155024847541044 -0.467936 5.19272e-06 11.766 0.337781 -5.19272e-06 -55.0235 0.235987 -0 -19.8647 -0.57367 0 -1.8584 0.468014 -0 -0.13938 2.3291e-05 7.77622e-06 0.55752 
1675155024947539329 -0.467936 5.19272e-06 11.42 0.337781 -5.19272e-06 -55.3696 0.235987 -0 -19.8647 -0.57367 0 -1.8584 0.468014 -0 -0 2.3291e-05 7.77622e-06 0.37168 
1675155025047534722 -0.467936 5.19272e-06 11.766 0.337781 -5.19272e-06 -55.7157 0.235987 -0 -19.8647 -0.57367 0 -1.99778 0.468014 -0 -0.04646 2.3291e-05 7.77622e-06 0.60398 
1675155025147541940 -0.467936 5.19272e-06 11.42 0.337781 -5.19272e-06 -55.7157 0.235987 -0 -19.7142 -0.57367 0 -1.90486 0.468014 -0 -0 2.3291e-05 7.77622e-06 0.51106 
1675155025247531616 -0.467936 5.19272e-06 11.766 0.337781 -5.19272e-06 -55.7157 0.235987 -0 -19.7142 -0.57367 0 -1.8584 0.468014 -0 0.04646 2.3291e-05 7.77622e-06 0.41814 
1675155025347536763 -0.467936 5.19272e-06 11.42 0.337781 -5.19272e-06 -55.3696 0.235987 -0 -19.7142 -0.57367 0 -1.90486 0.468014 -0 0.13938 2.3291e-05 7.77622e-06 0.60398 
1675155025447537442 -0.467936 5.19272e-06 11.42 0.337781 -5.19272e-06 -55.0235 0.235987 -0 -19.7142 -0.57367 0 -1.95132 0.468022 7.77622e-06 0.04646 2.3291e-05 7.77622e-06 0.65044 
1675155025547541056 -0.467936 5.19272e-06 11.42 0.337781 -5.19272e-06 -55.7157 0.235987 -0 -19.7142 -0.57367 0 -1.90486 0.468022 7.77622e-06 0.18584 2.3291e-05 7.77622e-06 0.6969 
1675155025647536871 -0.467936 5.19272e-06 11.0739 0.337781 -5.19272e-06 -55.0235 0.235987 -0 -19.7142 -0.57367 0 -1.90486 0.468022 7.77622e-06 0.18584 2.3291e-05 7.77622e-06 0.6969 
1675155025747544019 -0.467936 5.19272e-06 11.766 0.337781 -5.19272e-06 -55.3696 0.235987 -0 -19.7142 -0.57367 0 -1.90486 0.468022 7.77622e-06 0.09292 2.3291e-05 7.77622e-06 0.55752 
1675155025847538087 -0.467936 5.19272e-06 11.0739 0.337781 -5.19272e-06 -55.7157 0.235987 -0 -19.7142 -0.57367 0 -1.95132 0.468022 7.77622e-06 0.18584 2.3291e-05 7.77622e-06 0.51106 
1675155025947536169 -0.467936 5.19272e-06 11.766 0.337781 -5.19272e-06 -55.0235 0.235987 -0 -19.7142 -0.57367 0 -1.95132 0.468022 7.77622e-06 0.18584 2.3291e-05 7.77622e-06 0.6969 
1675155026047539127 -0.467936 5.19272e-06 11.766 0.337781 -5.19272e-06 -55.7157 0.235987 -0 -19.7142 -0.57367 0 -2.0907 0.468022 7.77622e-06 0.09292 2.3291e-05 7.77622e-06 0.51106 
1675155026147541420 -0.467936 5.19272e-06 11.42 0.337781 -5.19272e-06 -55.7157 0.235987 -0 -19.7142 -0.57367 0 -2.04424 0.468022 7.77622e-06 0.2323 2.3291e-05 7.77622e-06 0.55752 
1675155026247533920 -0.467936 5.19272e-06 12.4582 0.337781 -5.19272e-06 -55.7157 0.235987 -0 -19.8647 -0.57367 0 -1.95132 0.468022 7.77622e-06 0.2323 2.3291e-05 7.77622e-06 0.55752 
1675155026347539286 -0.467936 5.19272e-06 11.766 0.337781 -5.19272e-06 -55.3696 0.235987 -0 -19.7142 -0.57367 0 -1.95132 0.468022 7.77622e-06 0.18584 2.3291e-05 7.77622e-06 0.6969 
1675155026447541118 -0.467936 5.19272e-06 11.42 0.337781 -5.19272e-06 -55.7157 0.235987 -0 -19.7142 -0.57367 0 -2.04424 0.468022 7.77622e-06 0.32522 2.3291e-05 7.77622e-06 0.60398 
1675155026547538147 -0.467936 5.19272e-06 11.42 0.337781 -5.19272e-06 -56.4078 0.235987 -0 -19.7142 -0.57367 0 -2.04424 0.468022 7.77622e-06 0.13938 2.3291e-05 7.77622e-06 0.65044 
1675155026647539259 -0.467936 5.19272e-06 12.4582 0.337781 -5.19272e-06 -55.7157 0.235987 -0 -19.7142 -0.57367 0 -2.04424 0.468022 7.77622e-06 0.18584 2.3291e-05 7.77622e-06 0.55752 
1675155026747540923 -0.467936 5.19272e-06 11.42 0.337781 -5.19272e-06 -55.7157 0.235987 -0 -19.7142 -0.57367 0 -2.0907 0.468022 7.77622e-06 0.2323 2.3291e-05 7.77622e-06 0.74336 
1675155026847536866 -0.467936 5.19272e-06 12.4582 0.337781 -5.19272e-06 -56.0617 0.235987 -0 -19.7142 -0.57367 0 -2.0907 0.468022 7.77622e-06 0.18584 2.3291e-05 7.77622e-06 0.51106 
1675155026947541719 -0.467936 5.19272e-06 12.1121 0.337781 -5.19272e-06 -55.7157 0.235987 -0 -19.8647 -0.57367 0 -2.0907 0.468022 7.77622e-06 0.27876 2.3291e-05 7.77622e-06 0.6969 
1675155027047543127 -0.467936 5.19272e-06 12.1121 0.337781 -5.19272e-06 -56.4078 0.235987 -0 -19.7142 -0.57367 0 -2.13716 0.468022 7.77622e-06 0.27876 2.3291e-05 7.77622e-06 0.78982 
1675155027147541719 -0.467936 5.19272e-06 12.1121 0.337781 -5.19272e-06 -55.7157 0.235987 -0 -19.7142 -0.57367 0 -2.13716 0.468022 7.77622e-06 0.27876 2.3291e-05 7.77622e-06 0.74336 
1675155027247538611 -0.467936 5.19272e-06 12.1121 0.337781 -5.19272e-06 -55.7157 0.235987 -0 -19.7142 -0.57367 0 -2.13716 0.468022 7.77622e-06 0.27876 2.3291e-05 7.77622e-06 0.65044 
1675155027347542085 -0.467936 5.19272e-06 12.4582 0.337781 -5.19272e-06 -56.0617 0.235987 -0 -19.5637 -0.57367 0 -2.04424 0.468022 7.77622e-06 0.27876 2.3291e-05 7.77622e-06 0.78982 
1675155027447534222 -0.467936 5.19272e-06 12.4582 0.337781 -5.19272e-06 -56.4078 0.235987 -0 -19.7142 -0.57367 0 -2.18362 0.468022 7.77622e-06 0.27876 2.3291e-05 7.77622e-06 0.60398 
1675155027547544274 -0.467936 5.19272e-06 12.4582 0.337781 -5.19272e-06 -56.4078 0.235987 -0 -19.8647 -0.57367 0 -2.13716 0.468022 7.77622e-06 0.27876 2.3291e-05 7.77622e-06 0.65044 
1675155027647541310 -0.467936 5.19272e-06 12.4582 0.337781 -5.19272e-06 -56.0617 0.235987 -0 -19.7142 -0.57367 0 -2.23008 0.468022 7.77622e-06 0.27876 2.3291e-05 7.77622e-06 0.60398 
1675155027747540896 -0.467936 5.19272e-06 12.4582 0.337781 -5.19272e-06 -56.0617 0.235987 -0 -19.7142 -0.57367 0 -2.18362 0.468022 7.77622e-06 0.37168 2.3291e-05 7.77622e-06 0.74336 
1675155027847537592 -0.467936 5.19272e-06 12.4582 0.337781 -5.19272e-06 -56.0617 0.235987 -0 -19.7142 -0.57367 0 -2.23008 0.468022 7.77622e-06 0.2323 2.3291e-05 7.77622e-06 0.6969 
1675155027947543811 -0.467931 5.19272e-06 13.1503 0.337781 -5.19272e-06 -56.7538 0.235987 -0 -19.7142 -0.57367 0 -2.27654 0.468022 7.77622e-06 0.2323 2.3291e-05 7.77622e-06 0.74336 
1675155028047538561 -0.467931 5.19272e-06 12.4582 0.337781 -5.19272e-06 -57.0999 0.235987 -0 -19.5637 -0.57367 0 -2.13716 0.468022 7.77622e-06 0.32522 2.3291e-05 7.77622e-06 0.74336 
1675155028147539692 -0.467931 5.19272e-06 12.4582 0.337781 -5.19272e-06 -56.7538 0.235987 -0 -19.7142 -0.57367 0 -2.18362 0.468022 7.77622e-06 0.37168 2.3291e-05 7.77622e-06 0.74336 
1675155028247535245 -0.467931 5.19272e-06 12.4582 0.337781 -5.19272e-06 -56.0617 0.235987 -0 -19.8647 -0.57367 0 -2.23008 0.468022 7.77622e-06 0.37168 2.3291e-05 7.77622e-06 0.83628 
1675155028347537298 -0.467931 5.19272e-06 12.4582 0.337781 -5.19272e-06 -56.7538 0.235987 -0 -19.7142 -0.57367 0 -2.23008 0.468022 7.77622e-06 0.2323 2.3291e-05 7.77622e-06 0.88274 
1675155028447538996 -0.467931 5.19272e-06 12.4582 0.337781 -5.19272e-06 -56.7538 0.235987 -0 -19.7142 -0.57367 0 -2.323 0.468022 7.77622e-06 0.37168 2.3291e-05 7.77622e-06 0.78982 
1675155028547539852 -0.467931 5.19272e-06 12.4582 0.337781 -5.19272e-06 -56.7538 0.235987 -0 -19.8647 -0.57367 0 -2.323 0.468022 7.77622e-06 0.41814 2.3291e-05 7.77622e-06 0.65044 
1675155028647538554 -0.467931 5.19272e-06 12.4582 0.337781 -5.19272e-06 -57.0999 0.235987 -0 -19.7142 -0.57367 0 -2.36946 0.468022 7.77622e-06 0.37168 2.3291e-05 7.77622e-06 0.74336 
1675155028747538748 -0.467931 5.19272e-06 12.1121 0.337781 -5.19272e-06 -57.0999 0.235987 -0 -19.7142 -0.57367 0 -2.36946 0.468022 7.77622e-06 0.37168 2.3291e-05 7.77622e-06 0.74336 
1675155028847537253 -0.467931 5.19272e-06 12.8042 0.337781 -5.19272e-06 -56.7538 0.235987 -0 -19.7142 -0.57367 0 -2.27654 0.468022 7.77622e-06 0.32522 2.3291e-05 7.77622e-06 0.78982 
1675155028947537953 -0.467931 5.19272e-06 12.4582 0.337776 -9.34689e-05 -56.0617 0.235987 -0 -19.7142 -0.57367 0 -2.36946 0.468022 7.77622e-06 0.32522 2.3291e-05 7.77622e-06 0.83628 
1675155029047540775 -0.467931 5.19272e-06 12.4582 0.337776 -5.19272e-06 -57.0999 0.235987 -0 -19.7142 -0.57367 0 -2.323 0.468022 7.77622e-06 0.51106 2.3291e-05 7.77622e-06 0.88274 
1675155029147540157 -0.467931 5.19272e-06 12.8042 0.337776 -5.19272e-06 -56.4078 0.235987 -0 -19.8647 -0.57367 0 -2.41592 0.468022 7.77622e-06 0.4646 2.3291e-05 7.77622e-06 0.88274 
1675155029247538113 -0.467931 5.19272e-06 12.8042 0.337776 -5.19272e-06 -56.7538 0.235987 -0 -19.8647 -0.57367 0 -2.36946 0.468022 7.77622e-06 0.41814 2.3291e-05 7.77622e-06 0.83628 
1675155029347538426 -0.467931 5.19272e-06 12.8042 0.337776 -5.19272e-06 -57.792 0.235987 -0 -19.7142 -0.57367 0 -2.41592 0.468022 7.77622e-06 0.41814 2.3291e-05 7.77622e-06 0.88274 
1675155029447537420 -0.467931 5.19272e-06 12.4582 0.337776 -5.19272e-06 -55.7157 0.235987 -0 -19.7142 -0.57367 0 -2.36946 0.468022 7.77622e-06 0.51106 2.3291e-05 7.77622e-06 0.78982 
1675155029547542376 -0.467931 5.19272e-06 12.8042 0.337776 -5.19272e-06 -57.0999 0.235987 -0 -19.7142 -0.57367 0 -2.41592 0.468022 7.77622e-06 0.41814 2.3291e-05 7.77622e-06 0.88274 
1675155029647541160 -0.467931 5.19272e-06 12.1121 0.337776 -5.19272e-06 -57.446 0.235987 -0 -19.5637 -0.57367 0 -2.41592 0.468022 7.77622e-06 0.41814 2.3291e-05 7.77622e-06 0.97566 
1675155029747545632 -0.467931 5.19272e-06 12.8042 0.337776 -5.19272e-06 -57.446 0.235987 -0 -19.8647 -0.57367 0 -2.50884 0.468022 7.77622e-06 0.37168 2.3291e-05 7.77622e-06 0.9292 
1675155029847537555 -0.467931 5.19272e-06 12.4582 0.337776 -5.19272e-06 -56.7538 0.235987 -0 -19.8647 -0.57367 0 -2.323 0.468022 7.77622e-06 0.41814 2.3291e-05 7.77622e-06 0.9292 
1675155029947536385 -0.467931 5.19272e-06 12.4582 0.337776 -5.19272e-06 -56.7538 0.235987 -0 -19.7142 -0.57367 0 -2.50884 0.468022 7.77622e-06 0.55752 2.3291e-05 7.77622e-06 0.9292 
1675155030047538058 -0.467931 5.19272e-06 12.4582 0.337776 -5.19272e-06 -57.0999 0.235987 -0 -19.8647 -0.57367 0 -2.5553 0.468022 7.77622e-06 0.55752 2.3291e-05 7.77622e-06 1.02212 
1675155030147563907 -0.467931 5.19272e-06 12.1121 0.337776 -5.19272e-06 -56.7538 0.235987 -0 -19.7142 -0.57367 0 -2.50884 0.468022 7.77622e-06 0.51106 2.3291e-05 7.77622e-06 0.97566 
1675155030247534714 -0.467931 5.19272e-06 13.1503 0.337776 -5.19272e-06 -57.0999 0.235987 -0 -19.7142 -0.57367 0 -2.5553 0.468022 7.77622e-06 0.4646 2.3291e-05 7.77622e-06 0.9292 
1675155030347541513 -0.467931 5.19272e-06 12.4582 0.337776 -5.19272e-06 -56.4078 0.235987 -0 -19.7142 -0.57367 0 -2.46238 0.468022 7.77622e-06 0.60398 2.3291e-05 7.77622e-06 0.9292 
1675155030447469673 -0.467931 5.19272e-06 12.1121 0.337776 -5.19272e-06 -56.7538 0.235987 -0 -19.8647 -0.57367 0 -2.60176 0.468022 7.77622e-06 0.51106 2.3291e-05 7.77622e-06 0.83628 
1675155030547469641 -0.467931 5.19272e-06 12.4582 0.337776 -5.19272e-06 -57.0999 0.235987 -0 -19.7142 -0.57367 0 -2.50884 0.468022 7.77622e-06 0.51106 2.3291e-05 7.77622e-06 0.9292 
1675155030647542943 -0.467931 5.19272e-06 12.8042 0.337776 -5.19272e-06 -56.7538 0.235987 -0 -19.7142 -0.57367 0 -2.50884 0.468022 7.77622e-06 0.55752 2.3291e-05 7.77622e-06 1.06858 
1675155030747470809 -0.467931 5.19272e-06 12.4582 0.337776 -5.19272e-06 -57.0999 0.235987 -0 -19.7142 -0.57367 0 -2.60176 0.468022 7.77622e-06 0.51106 2.3291e-05 7.77622e-06 0.97566 
1675155030847469078 -0.467931 5.19272e-06 12.8042 0.337776 -5.19272e-06 -56.7538 0.235987 -0 -19.8647 -0.57367 0 -2.5553 0.468022 7.77622e-06 0.51106 2.3291e-05 7.77622e-06 1.02212 
1675155030947468613 -0.467931 5.19272e-06 12.8042 0.337776 -5.19272e-06 -57.0999 0.235987 -0 -19.7142 -0.57367 0 -2.60176 0.468022 7.77622e-06 0.65044 2.3291e-05 7.77622e-06 1.02212 
1675155031047469631 -0.467931 5.19272e-06 12.8042 0.337776 -5.19272e-06 -56.0617 0.235987 -0 -19.7142 -0.57367 0 -2.64822 0.468022 7.77622e-06 0.55752 2.3291e-05 7.77622e-06 0.97566 
1675155031147468221 -0.467931 5.19272e-06 12.8042 0.337776 -5.19272e-06 -57.0999 0.235987 -0 -19.7142 -0.573677 -7.77622e-06 -2.41592 0.468022 7.77622e-06 0.55752 2.3291e-05 7.77622e-06 0.9292 
1675155031247467422 -0.467931 5.19272e-06 12.1121 0.337776 -5.19272e-06 -57.0999 0.235987 -0 -19.8647 -0.573677 -7.77622e-06 -2.46238 0.468022 7.77622e-06 0.55752 2.3291e-05 7.77622e-06 0.97566 
1675155031347534965 -0.467931 5.19272e-06 12.8042 0.337776 -5.19272e-06 -56.7538 0.235987 -0 -19.7142 -0.573677 -7.77622e-06 -2.50884 0.468022 7.77622e-06 0.60398 2.3291e-05 7.77622e-06 0.9292 
1675155031447539566 -0.467931 5.19272e-06 12.4582 0.337776 -5.19272e-06 -57.0999 0.235987 -0 -19.5637 -0.573677 -7.77622e-06 -2.41592 0.468022 7.77622e-06 0.65044 2.3291e-05 7.77622e-06 0.97566 
1675155031547540494 -0.467931 5.19272e-06 12.4582 0.337776 -5.19272e-06 -56.7538 0.235987 -0 -19.8647 -0.573677 -7.77622e-06 -2.36946 0.46803 7.77622e-06 0.4646 2.3291e-05 7.77622e-06 1.11504 
1675155031647537721 -0.467931 5.19272e-06 12.4582 0.337776 -5.19272e-06 -56.7538 0.235987 -0 -19.8647 -0.573677 -7.77622e-06 -2.36946 0.46803 7.77622e-06 0.51106 2.3291e-05 7.77622e-06 1.06858 
1675155031747538645 -0.467931 5.19272e-06 12.4582 0.337776 -5.19272e-06 -57.0999 0.235987 -0 -19.7142 -0.573677 -7.77622e-06 -2.323 0.46803 7.77622e-06 0.4646 2.3291e-05 7.77622e-06 1.11504 
1675155031847534232 -0.467931 5.19272e-06 12.8042 0.337776 -5.19272e-06 -57.446 0.235987 -0 -19.7142 -0.573677 -7.77622e-06 -2.27654 0.46803 7.77622e-06 0.27876 2.3291e-05 7.77622e-06 1.20796 
1675155031947542449 -0.467931 5.19272e-06 12.1121 0.337776 -5.19272e-06 -56.7538 0.235987 -0 -19.7142 -0.573677 -7.77622e-06 -2.27654 0.46803 7.77622e-06 0.41814 2.3291e-05 7.77622e-06 1.1615 
1675155032047542058 -0.467931 5.19272e-06 12.1121 0.337776 -5.19272e-06 -57.446 0.235987 -0 -19.7142 -0.573677 -7.77622e-06 -2.27654 0.46803 7.77622e-06 0.27876 2.3291e-05 7.77622e-06 1.11504 
1675155032147535956 -0.467931 5.19272e-06 12.1121 0.337776 -5.19272e-06 -57.0999 0.235987 -0 -19.7142 -0.573677 -7.77622e-06 -2.41592 0.46803 7.77622e-06 0.27876 2.3291e-05 7.77622e-06 0.9292 
1675155032247539738 -0.467931 5.19272e-06 12.1121 0.337776 -5.19272e-06 -57.0999 0.235987 -0 -19.7142 -0.573677 -7.77622e-06 -2.18362 0.46803 7.77622e-06 0.32522 2.3291e-05 7.77622e-06 1.11504 
1675155032347538504 -0.467931 5.19272e-06 12.4582 0.337776 -5.19272e-06 -57.446 0.235987 -0 -19.7142 -0.573677 -7.77622e-06 -2.18362 0.46803 7.77622e-06 0.27876 3.10672e-05 7.77622e-06 1.11504 
1675155032447545027 -0.467931 5.19272e-06 12.4582 0.337776 -5.19272e-06 -56.7538 0.235987 -0 -19.7142 -0.573677 -7.77622e-06 -2.18362 0.46803 7.77622e-06 0.2323 3.10672e-05 7.77622e-06 0.97566 
1675155032547543662 -0.467931 5.19272e-06 12.1121 0.337776 -5.19272e-06 -56.7538 0.235987 -0 -19.7142 -0.573677 -7.77622e-06 -2.18362 0.46803 7.77622e-06 0.2323 3.10672e-05 7.77622e-06 0.9292 
1675155032647544577 -0.467931 5.19272e-06 12.4582 0.337776 -5.19272e-06 -57.446 0.235987 -0 -19.7142 -0.573677 -7.77622e-06 -2.04424 0.46803 7.77622e-06 0.13938 3.10672e-05 7.77622e-06 1.06858 
1675155032747544673 -0.467931 5.19272e-06 12.4582 0.337776 -5.19272e-06 -56.7538 0.235987 -0 -19.5637 -0.573677 -7.77622e-06 -1.99778 0.46803 7.77622e-06 0.09292 3.10672e-05 7.77622e-06 0.83628 
1675155032847543758 -0.467931 5.19272e-06 12.1121 0.337776 -5.19272e-06 -57.0999 0.235987 -0 -19.7142 -0.573677 -7.77622e-06 -2.04424 0.46803 7.77622e-06 0.04646 3.10672e-05 7.77622e-06 0.88274 
1675155032947540212 -0.467931 5.19272e-06 12.8042 0.337776 -5.19272e-06 -56.7538 0.235987 -0 -19.7142 -0.573677 -7.77622e-06 -1.99778 0.468022 -0 -0 3.10672e-05 7.77622e-06 0.78982 
1675155033047544565 -0.467931 5.19272e-06 13.4963 0.337776 -5.19272e-06 -56.7538 0.235987 -0 -19.7142 -0.573677 -7.77622e-06 -1.95132 0.468022 -0 0.13938 3.10672e-05 7.77622e-06 0.83628 
1675155033147543313 -0.467931 5.19272e-06 12.4582 0.337776 -5.19272e-06 -57.0999 0.235987 -0 -19.8647 -0.573677 -7.77622e-06 -1.99778 0.468022 -0 0.13938 3.10672e-05 7.77622e-06 0.74336 
1675155033247539084 -0.467931 5.19272e-06 12.4582 0.337776 -5.19272e-06 -57.0999 0.235987 -0 -19.8647 -0.573677 -7.77622e-06 -1.90486 0.468022 -0 0.09292 3.10672e-05 7.77622e-06 0.78982 
1675155033347542975 -0.467931 5.19272e-06 12.1121 0.337776 -5.19272e-06 -56.7538 0.235987 -0 -19.7142 -0.573677 -7.77622e-06 -1.8584 0.468022 -0 0.09292 3.10672e-05 7.77622e-06 0.6969 
1675155033447543232 -0.467931 5.19272e-06 12.4582 0.337776 -5.19272e-06 -56.7538 0.235987 -0 -19.7142 -0.573677 -7.77622e-06 -1.81194 0.468022 -0 0.13938 3.10672e-05 7.77622e-06 0.65044 
1675155033547552143 -0.467931 5.19272e-06 12.4582 0.337776 -5.19272e-06 -57.0999 0.235987 -0 -19.7142 -0.573677 -7.77622e-06 -1.8584 0.468022 -0 0.13938 3.10672e-05 7.77622e-06 0.65044 
1675155033647543008 -0.467931 5.19272e-06 12.4582 0.337776 -5.19272e-06 -56.4078 0.235987 -0 -19.5637 -0.573677 -7.77622e-06 -1.76548 0.468022 -0 0.13938 3.10672e-05 7.77622e-06 0.74336 
1675155033747539258 -0.467931 5.19272e-06 12.8042 0.337776 -5.19272e-06 -57.0999 0.235987 -0 -19.7142 -0.57367 0 -1.8584 0.468022 -0 0.09292 3.10672e-05 7.77622e-06 0.6969 
1675155033847545011 -0.467931 5.19272e-06 12.8042 0.337776 -5.19272e-06 -57.0999 0.235987 -0 -19.7142 -0.57367 0 -1.71902 0.468022 -0 0.13938 3.10672e-05 7.77622e-06 0.60398 
1675155033947542413 -0.467931 5.19272e-06 12.1121 0.337776 -5.19272e-06 -57.0999 0.235987 -0 -19.7142 -0.57367 0 -1.81194 0.468022 -0 0.27876 3.10672e-05 7.77622e-06 0.51106 
1675155034047537884 -0.467931 5.19272e-06 12.4582 0.337776 -5.19272e-06 -56.7538 0.235987 -0 -19.8647 -0.57367 0 -1.76548 0.468022 -0 0.18584 3.10672e-05 7.77622e-06 0.41814 
1675155034147533064 -0.467931 5.19272e-06 12.8042 0.337776 -5.19272e-06 -56.7538 0.235987 -0 -19.7142 -0.57367 0 -1.76548 0.468022 -0 0.27876 3.10672e-05 7.77622e-06 0.60398 
1675155034247550216 -0.467931 5.19272e-06 11.766 0.337776 -5.19272e-06 -56.7538 0.235987 -0 -19.7142 -0.57367 0 -1.8584 0.468022 -0 0.13938 3.10672e-05 7.77622e-06 0.51106 
1675155034347537863 -0.467931 5.19272e-06 12.4582 0.337776 -5.19272e-06 -57.0999 0.235987 -0 -19.7142 -0.57367 0 -1.8584 0.468022 -0 0.2323 3.10672e-05 7.77622e-06 0.37168 
1675155034447549077 -0.467931 5.19272e-06 12.1121 0.337776 -5.19272e-06 -56.7538 0.235987 -0 -19.8647 -0.57367 0 -1.8584 0.468022 -0 0.41814 3.10672e-05 7.77622e-06 0.41814 
1675155034547545591 -0.467931 5.19272e-06 13.4963 0.337776 -5.19272e-06 -57.0999 0.235987 -0 -19.7142 -0.57367 0 -1.81194 0.468022 -0 0.2323 2.3291e-05 -0 0.4646 
1675155034647544471 -0.467931 5.19272e-06 11.766 0.337776 -5.19272e-06 -56.7538 0.235987 -0 -19.7142 -0.57367 0 -1.90486 0.468022 -0 0.2323 2.3291e-05 -0 0.32522 
1675155034747544299 -0.467931 5.19272e-06 11.766 0.337776 -5.19272e-06 -57.0999 0.235987 -0 -19.8647 -0.57367 0 -1.90486 0.468022 -0 0.37168 2.3291e-05 -0 0.60398 
1675155034847545109 -0.467931 5.19272e-06 13.1503 0.337776 -5.19272e-06 -57.446 0.235987 -0 -19.7142 -0.57367 0 -1.90486 0.468022 -0 0.37168 2.3291e-05 -0 0.4646 
1675155034947544655 -0.467931 5.19272e-06 12.8042 0.337776 -5.19272e-06 -56.7538 0.235987 -0 -19.8647 -0.57367 0 -1.8584 0.468022 -0 0.32522 2.3291e-05 -0 0.37168 
