1675154990947759666 0 0 0 0 0 0 
1675154991047553656 0 0 0 0 0 0 
1675154991147624087 0 0 0 0 0 0 
1675154991247617158 0 0 0 0 0 0 
1675154991347667518 0 0 0 0 0 0 
1675154991447645867 0 0 0 0 0 0 
1675154991547887155 0 0 0 0 0 0 
1675154991647679334 0 0 0 0 0 0 
1675154991747894754 -4.67385e-05 -9.3469e-05 1.56991 -9.56431e-05 -1.29696e-05 -7.81393e-06 
1675154991847663098 -4.67385e-05 -9.3469e-05 1.56991 -9.56431e-05 -1.29696e-05 -7.81393e-06 
1675154991947635812 -4.67385e-05 -9.3469e-05 1.56991 -9.56431e-05 -1.29696e-05 -7.81393e-06 
1675154992047622824 -4.67385e-05 -9.3469e-05 1.56991 -9.56431e-05 -1.29696e-05 -7.81393e-06 
1675154992147600179 -4.67385e-05 -9.3469e-05 1.56991 -9.56431e-05 -1.29696e-05 -7.81393e-06 
1675154992247600335 -4.67385e-05 -9.3469e-05 1.56991 -9.56431e-05 -1.29696e-05 -7.81393e-06 
1675154992347598707 -4.67385e-05 -9.3469e-05 1.56991 -9.56431e-05 -1.29696e-05 -7.81393e-06 
1675154992447570204 -4.67385e-05 -9.3469e-05 1.56991 -9.56431e-05 -1.29696e-05 -7.81393e-06 
1675154992547662130 -4.67385e-05 -9.3469e-05 1.56991 -9.56431e-05 -1.29696e-05 -7.81393e-06 
1675154992647656324 -4.67385e-05 -9.3469e-05 1.56991 -9.56431e-05 -1.29696e-05 -7.81393e-06 
1675154992747668055 -4.67385e-05 -9.3469e-05 1.56991 -9.56431e-05 -1.29696e-05 -7.81393e-06 
1675154992847676605 -4.67385e-05 -9.3469e-05 1.56991 -9.56431e-05 -1.29696e-05 -7.81393e-06 
1675154992947677512 -4.67385e-05 -9.3469e-05 1.56991 -9.56431e-05 -1.29696e-05 -7.81393e-06 
1675154993047717819 -4.67385e-05 -9.3469e-05 1.56991 -9.56431e-05 -1.29696e-05 -7.81393e-06 
1675154993147666130 -4.67385e-05 -9.3469e-05 1.56991 -9.56431e-05 -1.29696e-05 -7.81393e-06 
1675154993247658231 -4.67385e-05 -9.3469e-05 1.56991 -9.56431e-05 -1.29696e-05 -7.81393e-06 
1675154993347668676 -4.67385e-05 -9.3469e-05 1.56991 -9.56431e-05 -1.29696e-05 -7.81393e-06 
1675154993447669067 -4.67385e-05 -9.3469e-05 1.56991 -9.56431e-05 -1.29696e-05 -7.81393e-06 
1675154993547707765 -4.67385e-05 -9.3469e-05 1.56991 -9.56431e-05 -1.29696e-05 -7.81393e-06 
1675154993647667257 -4.67385e-05 -9.3469e-05 1.56991 -9.56431e-05 -1.29696e-05 -7.81393e-06 
1675154993747670513 -4.67385e-05 -9.3469e-05 1.56991 -9.56431e-05 -1.29696e-05 -7.81393e-06 
1675154993847672759 -4.67385e-05 -9.3469e-05 1.56991 -9.56431e-05 -1.29696e-05 -7.81393e-06 
1675154993947675042 -4.67385e-05 -9.3469e-05 1.56991 -9.56431e-05 -1.29696e-05 -7.81393e-06 
1675154994047646586 -4.67385e-05 -9.3469e-05 1.56991 -9.56431e-05 -1.29696e-05 -7.81393e-06 
1675154994147668900 -4.67385e-05 -9.3469e-05 1.56991 -9.56431e-05 -1.29696e-05 -7.81393e-06 
1675154994247667969 -4.67385e-05 -9.3469e-05 1.56991 -9.56431e-05 -1.29696e-05 -7.81393e-06 
1675154994347660438 -4.67385e-05 -9.3469e-05 1.56991 -9.56431e-05 -1.29696e-05 -7.81393e-06 
1675154994447654263 -4.67385e-05 -9.3469e-05 1.56991 -9.56431e-05 -1.29696e-05 -7.81393e-06 
1675154994547605632 -4.67385e-05 -9.3469e-05 1.56991 -9.56431e-05 -1.29696e-05 -7.81393e-06 
1675154994647660843 -4.67385e-05 -9.3469e-05 1.56991 -9.56431e-05 -1.29696e-05 -7.81393e-06 
1675154994747652401 -4.67385e-05 -9.3469e-05 1.56991 -9.56431e-05 -1.29696e-05 -7.81393e-06 
1675154994847592678 -4.67385e-05 -9.3469e-05 1.56991 -9.56431e-05 -1.29696e-05 -7.81393e-06 
1675154994947659912 -4.67385e-05 -9.3469e-05 1.56991 -9.56431e-05 -1.29696e-05 -7.81393e-06 
1675154995047584270 -4.67385e-05 -9.3469e-05 1.56991 -9.56431e-05 -1.29696e-05 -7.81393e-06 
1675154995147653780 -4.67385e-05 -9.3469e-05 1.56991 -9.56431e-05 -1.29696e-05 -7.81393e-06 
1675154995247647295 -4.67385e-05 -9.3469e-05 1.56991 -9.56431e-05 -1.29696e-05 -7.81393e-06 
1675154995347666636 -4.67385e-05 -9.3469e-05 1.56991 -9.56431e-05 -1.29696e-05 -7.81393e-06 
1675154995447742073 -4.67385e-05 -9.3469e-05 1.56991 -9.56431e-05 -1.29696e-05 -7.81393e-06 
1675154995547595409 -4.67385e-05 -9.3469e-05 1.56991 -9.56431e-05 -1.29696e-05 -7.81393e-06 
1675154995647685371 -4.67385e-05 -9.3469e-05 1.56991 -9.56431e-05 -1.29696e-05 -7.81393e-06 
1675154995747675206 -4.67385e-05 -9.3469e-05 1.56991 -9.56431e-05 -1.29696e-05 -7.81393e-06 
1675154995847682830 -4.67385e-05 -9.3469e-05 1.56991 -9.56431e-05 -1.29696e-05 -7.81393e-06 
1675154995947676320 -4.67385e-05 -9.3469e-05 1.56991 -9.56431e-05 -1.29696e-05 -7.81393e-06 
1675154996047607970 -4.67385e-05 -9.3469e-05 1.56991 -9.56431e-05 -1.29696e-05 -7.81393e-06 
1675154996147675800 -4.67385e-05 -9.3469e-05 1.56991 -9.56431e-05 -1.29696e-05 -7.81393e-06 
1675154996247675231 -4.67385e-05 -9.3469e-05 1.56991 -9.56431e-05 -1.29696e-05 -7.81393e-06 
1675154996347674463 -4.67385e-05 -9.3469e-05 1.56991 -9.56431e-05 -1.29696e-05 -7.81393e-06 
1675154996447675029 -4.67385e-05 -9.3469e-05 1.56991 -9.56431e-05 -1.29696e-05 -7.81393e-06 
1675154996547609415 -4.67385e-05 -9.3469e-05 1.56991 -9.56431e-05 -1.29696e-05 -7.81393e-06 
1675154996647675601 -4.67385e-05 -9.3469e-05 1.56991 -9.56431e-05 -1.29696e-05 -7.81393e-06 
1675154996747675303 -4.67385e-05 -9.3469e-05 1.56991 -9.56431e-05 -1.29696e-05 -7.81393e-06 
1675154996847675938 -4.67385e-05 -9.3469e-05 1.56991 -9.56431e-05 -1.29696e-05 -7.81393e-06 
1675154996947681123 -4.67385e-05 -9.3469e-05 1.56991 -9.56431e-05 -1.29696e-05 -7.81393e-06 
1675154997047610548 -4.67385e-05 -9.3469e-05 1.56991 -9.56431e-05 -1.29696e-05 -7.81393e-06 
1675154997147673400 -4.67385e-05 -9.3469e-05 1.56991 -9.56431e-05 -1.29696e-05 -7.81393e-06 
1675154997247677068 -4.67385e-05 -9.3469e-05 1.56991 -9.56431e-05 -1.29696e-05 -7.81393e-06 
1675154997347676458 -4.67385e-05 -9.3469e-05 1.56991 -9.56431e-05 -1.29696e-05 -7.81393e-06 
1675154997447675093 -4.67385e-05 -9.3469e-05 1.56991 -9.56431e-05 -1.29696e-05 -7.81393e-06 
1675154997547673625 -4.67385e-05 -9.3469e-05 1.56991 -9.56431e-05 -1.29696e-05 -7.81393e-06 
1675154997647675913 -4.67385e-05 -9.3469e-05 1.56991 -9.56431e-05 -1.29696e-05 -7.81393e-06 
1675154997747677300 -4.67385e-05 -9.3469e-05 1.56991 -9.56431e-05 -1.29696e-05 -7.81393e-06 
1675154997847674638 -4.67385e-05 -9.3469e-05 1.56991 -9.56431e-05 -1.29696e-05 -7.81393e-06 
1675154997947673857 -4.67385e-05 -9.3469e-05 1.56991 -9.56431e-05 -1.29696e-05 -7.81393e-06 
1675154998047668778 -4.67385e-05 -9.3469e-05 1.56991 -9.56431e-05 -1.29696e-05 -7.81393e-06 
1675154998147678150 -4.67385e-05 -9.3469e-05 1.56991 -9.56431e-05 -1.29696e-05 -7.81393e-06 
1675154998247677245 -4.67385e-05 -9.3469e-05 1.56991 -9.56431e-05 -1.29696e-05 -7.81393e-06 
1675154998347680553 -4.67385e-05 -9.3469e-05 1.56991 -9.56431e-05 -1.29696e-05 -7.81393e-06 
1675154998447632975 -4.67385e-05 -9.3469e-05 1.56991 -9.56431e-05 -1.29696e-05 -7.81393e-06 
1675154998547648698 -4.67385e-05 -9.3469e-05 1.56991 -9.56431e-05 -1.29696e-05 -7.81393e-06 
1675154998647608550 -4.67385e-05 -9.3469e-05 1.56991 -9.56431e-05 -1.29696e-05 -7.81393e-06 
1675154998747670128 -4.67385e-05 -9.3469e-05 1.56991 -9.56431e-05 -1.29696e-05 -7.81393e-06 
1675154998847584592 -4.67385e-05 -9.3469e-05 1.56991 -9.56431e-05 -1.29696e-05 -7.81393e-06 
1675154998947573964 -4.67385e-05 -9.3469e-05 1.56991 -9.56431e-05 -1.29696e-05 -7.81393e-06 
1675154999047679889 -4.67385e-05 -9.3469e-05 1.56991 -9.56431e-05 -1.29696e-05 -7.81393e-06 
1675154999147681704 -4.67385e-05 -9.3469e-05 1.56991 -9.56431e-05 -1.29696e-05 -7.81393e-06 
1675154999247661981 -4.67385e-05 -9.3469e-05 1.56991 -9.56431e-05 -1.29696e-05 -7.81393e-06 
1675154999347682628 -4.67385e-05 -9.3469e-05 1.56991 -9.56431e-05 -1.29696e-05 -7.81393e-06 
1675154999447682184 -4.67385e-05 -9.3469e-05 1.56991 -9.56431e-05 -1.29696e-05 -7.81393e-06 
1675154999547682033 -4.67385e-05 -9.3469e-05 1.56991 -9.56431e-05 -1.29696e-05 -7.81393e-06 
1675154999647678249 -4.67385e-05 -9.3469e-05 1.56991 -9.56431e-05 -1.29696e-05 -7.81393e-06 
1675154999747686387 -4.67385e-05 -9.3469e-05 1.56991 -9.56431e-05 -1.29696e-05 -7.81393e-06 
1675154999847674984 -4.67385e-05 -9.3469e-05 1.56991 -9.56431e-05 -1.29696e-05 -7.81393e-06 
1675154999947731848 -4.67385e-05 -9.3469e-05 1.56991 -9.56431e-05 -1.29696e-05 -7.81393e-06 
1675155000047617078 -4.67385e-05 -9.3469e-05 1.56991 -9.56431e-05 -1.29696e-05 -7.81393e-06 
1675155000147672692 -4.67385e-05 -9.3469e-05 1.56991 -9.56431e-05 -1.29696e-05 -7.81393e-06 
1675155000247625501 -4.67385e-05 -9.3469e-05 1.56991 -9.56431e-05 -1.29696e-05 -7.81393e-06 
1675155000347674898 -4.67385e-05 -9.3469e-05 1.56991 -9.56431e-05 -1.29696e-05 -7.81393e-06 
1675155000447680368 -4.67385e-05 -9.3469e-05 1.56991 -9.56431e-05 -1.29696e-05 -7.81393e-06 
1675155000547706828 -4.67385e-05 -9.3469e-05 1.56991 -9.56431e-05 -1.29696e-05 -7.81393e-06 
1675155000647673818 -4.67385e-05 -9.3469e-05 1.56991 -9.56431e-05 -1.29696e-05 -7.81393e-06 
1675155000747677856 -4.67385e-05 -9.3469e-05 1.56991 -9.56431e-05 -1.29696e-05 -7.81393e-06 
1675155000847695504 -4.67385e-05 -9.3469e-05 1.56991 -9.56431e-05 -1.29696e-05 -7.81393e-06 
1675155000947676903 -4.67385e-05 -9.3469e-05 1.56991 -9.56431e-05 -1.29696e-05 -7.81393e-06 
1675155001047674695 -4.67385e-05 -9.3469e-05 1.56991 -9.56431e-05 -1.29696e-05 -7.81393e-06 
1675155001147682924 -4.67385e-05 -9.3469e-05 1.56991 -9.56431e-05 -1.29696e-05 -7.81393e-06 
1675155001247677103 -4.67385e-05 -9.3469e-05 1.56991 -9.56431e-05 -1.29696e-05 -7.81393e-06 
1675155001347678733 -4.67385e-05 -9.3469e-05 1.56991 -9.56431e-05 -1.29696e-05 -7.81393e-06 
1675155001447679309 -4.67385e-05 -9.3469e-05 1.56991 -9.56431e-05 -1.29696e-05 -7.81393e-06 
1675155001547675286 -4.67385e-05 -9.3469e-05 1.56991 -9.56431e-05 -1.29696e-05 -7.81393e-06 
1675155001647677038 -4.67385e-05 -9.3469e-05 1.56991 -9.56431e-05 -1.29696e-05 -7.81393e-06 
1675155001747674657 -4.67385e-05 -9.3469e-05 1.56991 -9.56431e-05 -1.29696e-05 -7.81393e-06 
1675155001847677749 -4.67385e-05 -9.3469e-05 1.56991 -9.56431e-05 -1.29696e-05 -7.81393e-06 
1675155001947672801 -4.67385e-05 -9.3469e-05 1.56991 -9.56431e-05 -1.29696e-05 -7.81393e-06 
1675155002047675270 -4.67385e-05 -9.3469e-05 1.56991 -9.56431e-05 -1.29696e-05 -7.81393e-06 
1675155002147674892 -4.67385e-05 -9.3469e-05 1.56991 -9.56431e-05 -1.29696e-05 -7.81393e-06 
1675155002247681394 -4.67385e-05 -9.3469e-05 1.56991 -9.56431e-05 -1.29696e-05 -7.81393e-06 
1675155002347687453 -4.67385e-05 -9.3469e-05 1.56991 -9.56431e-05 -1.29696e-05 -7.81393e-06 
1675155002447596340 -4.67385e-05 -9.3469e-05 1.56991 -9.56431e-05 -1.29696e-05 -7.81393e-06 
1675155002547579353 -4.67385e-05 -9.3469e-05 1.56991 -9.56431e-05 -1.29696e-05 -7.81393e-06 
1675155002647639053 -4.67385e-05 -9.3469e-05 1.56991 -9.56431e-05 -1.29696e-05 -7.81393e-06 
1675155002747594310 -4.67385e-05 -9.3469e-05 1.56991 -9.56431e-05 -1.29696e-05 -7.81393e-06 
1675155002847676108 -4.67385e-05 -9.3469e-05 1.56991 -9.56431e-05 -1.29696e-05 -7.81393e-06 
1675155002947701671 -4.67385e-05 -9.3469e-05 1.56991 -9.56431e-05 -1.29696e-05 -7.81393e-06 
1675155003047683414 -4.67385e-05 -9.3469e-05 1.56991 -9.56431e-05 -1.29696e-05 -7.81393e-06 
1675155003147688582 -4.67385e-05 -9.3469e-05 1.56991 -9.56431e-05 -1.29696e-05 -7.81393e-06 
1675155003247683303 -4.67385e-05 -9.3469e-05 1.56991 -9.56431e-05 -1.29696e-05 -7.81393e-06 
1675155003347681227 -4.67385e-05 -9.3469e-05 1.56991 -9.56431e-05 -1.29696e-05 -7.81393e-06 
1675155003447622925 -4.67385e-05 -9.3469e-05 1.56991 -9.56431e-05 -1.29696e-05 -7.81393e-06 
1675155003547596474 -4.67385e-05 -9.3469e-05 1.56991 -9.56431e-05 -1.29696e-05 -7.81393e-06 
1675155003647684724 -4.67385e-05 -9.3469e-05 1.56991 -9.56431e-05 -1.29696e-05 -7.81393e-06 
1675155003747701111 -4.67385e-05 -9.3469e-05 1.56991 -9.56431e-05 -1.29696e-05 -7.81393e-06 
1675155003847677485 -4.67385e-05 -9.3469e-05 1.56991 -9.56431e-05 -1.29696e-05 -7.81393e-06 
1675155003947679983 -4.67385e-05 -9.3469e-05 1.56991 -9.56431e-05 -1.29696e-05 -7.81393e-06 
1675155004047684055 -4.67385e-05 -9.3469e-05 1.56991 -9.56431e-05 -1.29696e-05 -7.81393e-06 
1675155004147685728 -4.67385e-05 -9.3469e-05 1.56991 -9.56431e-05 -1.29696e-05 -7.81393e-06 
1675155004247689209 -4.67385e-05 -9.3469e-05 1.56991 -9.56431e-05 -1.29696e-05 -7.81393e-06 
1675155004347682835 -4.67385e-05 -9.3469e-05 1.56991 -9.56431e-05 -1.29696e-05 -7.81393e-06 
1675155004447736005 -4.67385e-05 -9.3469e-05 1.56991 -9.56431e-05 -1.29696e-05 -7.81393e-06 
1675155004547687434 -4.67385e-05 -9.3469e-05 1.56991 -9.56431e-05 -1.29696e-05 -7.81393e-06 
1675155004647681467 -4.67385e-05 -9.3469e-05 1.56991 -9.56431e-05 -1.29696e-05 -7.81393e-06 
1675155004747641786 -4.67385e-05 -9.3469e-05 1.56991 -9.56431e-05 -1.29696e-05 -7.81393e-06 
1675155004847663832 -4.67385e-05 -9.3469e-05 1.56991 -9.56431e-05 -1.29696e-05 -7.81393e-06 
1675155004947681385 -4.67385e-05 -9.3469e-05 1.56991 -9.56431e-05 -1.29696e-05 -7.81393e-06 
1675155005047666935 -4.67385e-05 -9.3469e-05 1.56991 -9.56431e-05 -1.29696e-05 -7.81393e-06 
1675155005147658017 -4.67385e-05 -9.3469e-05 1.56991 -9.56431e-05 -1.29696e-05 -7.81393e-06 
1675155005247659144 -4.67385e-05 -9.3469e-05 1.56991 -9.56431e-05 -1.29696e-05 -7.81393e-06 
1675155005347663904 -4.67385e-05 -9.3469e-05 1.56991 -9.56431e-05 -1.29696e-05 -7.81393e-06 
1675155005447665670 -4.67385e-05 -9.3469e-05 1.56991 -9.56431e-05 -1.29696e-05 -7.81393e-06 
1675155005547688506 -4.67385e-05 -9.3469e-05 1.56991 -9.56431e-05 -1.29696e-05 -7.81393e-06 
1675155005647665727 -4.67385e-05 -9.3469e-05 1.56991 -9.56431e-05 -1.29696e-05 -7.81393e-06 
1675155005747665435 -4.67385e-05 -9.3469e-05 1.56991 -9.56431e-05 -1.29696e-05 -7.81393e-06 
1675155005847659565 -4.67385e-05 -9.3469e-05 1.56991 -9.56431e-05 -1.29696e-05 -7.81393e-06 
1675155005947666249 -4.67385e-05 -9.3469e-05 1.56991 -9.56431e-05 -1.29696e-05 -7.81393e-06 
1675155006047680730 -4.67385e-05 -9.3469e-05 1.56991 -9.56431e-05 -1.29696e-05 -7.81393e-06 
1675155006147678145 -4.67385e-05 -9.3469e-05 1.56991 -9.56431e-05 -1.29696e-05 -7.81393e-06 
1675155006247667491 -4.67385e-05 -9.3469e-05 1.56991 -9.56431e-05 -1.29696e-05 -7.81393e-06 
1675155006347670565 -4.67385e-05 -9.3469e-05 1.56991 -9.56431e-05 -1.29696e-05 -7.81393e-06 
1675155006447661903 -4.67385e-05 -9.3469e-05 1.56991 -9.56431e-05 -1.29696e-05 -7.81393e-06 
1675155006547668122 -4.67385e-05 -9.3469e-05 1.56991 -9.56431e-05 -1.29696e-05 -7.81393e-06 
1675155006647670952 -4.67385e-05 -9.3469e-05 1.56991 -9.56431e-05 -1.29696e-05 -7.81393e-06 
1675155006747658838 -4.67385e-05 -9.3469e-05 1.56991 -9.56431e-05 -1.29696e-05 -7.81393e-06 
1675155006847664106 -4.67385e-05 -9.3469e-05 1.56991 -9.56431e-05 -1.29696e-05 -7.81393e-06 
1675155006947658737 -4.67385e-05 -9.3469e-05 1.56991 -9.56431e-05 -1.29696e-05 -7.81393e-06 
1675155007047661406 -4.67385e-05 -9.3469e-05 1.56991 -9.56431e-05 -1.29696e-05 -7.81393e-06 
1675155007147666535 -4.67385e-05 -9.3469e-05 1.56991 -9.56431e-05 -1.29696e-05 -7.81393e-06 
1675155007247664196 -4.67385e-05 -9.3469e-05 1.56991 -9.56431e-05 -1.29696e-05 -7.81393e-06 
1675155007347661235 -4.67385e-05 -9.3469e-05 1.56991 -9.56431e-05 -1.29696e-05 -7.81393e-06 
1675155007447660907 -4.67385e-05 -9.3469e-05 1.56991 -9.56431e-05 -1.29696e-05 -7.81393e-06 
1675155007547663896 -4.67385e-05 -9.3469e-05 1.56991 -9.56431e-05 -1.29696e-05 -7.81393e-06 
1675155007647664794 -4.67385e-05 -9.3469e-05 1.56991 -9.56431e-05 -1.29696e-05 -7.81393e-06 
1675155007747663067 -4.67385e-05 -9.3469e-05 1.56991 -9.56431e-05 -1.29696e-05 -7.81393e-06 
1675155007847660373 -4.67385e-05 -9.3469e-05 1.56991 -9.56431e-05 -1.29696e-05 -7.81393e-06 
1675155007947658714 -4.67385e-05 -9.3469e-05 1.56991 -9.56431e-05 -1.29696e-05 -7.81393e-06 
1675155008047660643 -4.67385e-05 -9.3469e-05 1.56991 -9.56431e-05 -1.29696e-05 -7.81393e-06 
1675155008147662327 -4.67385e-05 -9.3469e-05 1.56991 -9.56431e-05 -1.29696e-05 -7.81393e-06 
1675155008247676430 -4.67385e-05 -9.3469e-05 1.56991 -9.56431e-05 -1.29696e-05 -7.81393e-06 
1675155008347665571 -4.67385e-05 -9.3469e-05 1.56991 -9.56431e-05 -1.29696e-05 -7.81393e-06 
1675155008447663482 -4.67385e-05 -9.3469e-05 1.56991 -9.56431e-05 -1.29696e-05 -7.81393e-06 
1675155008547664283 -4.67385e-05 -9.3469e-05 1.56991 -9.56431e-05 -1.29696e-05 -7.81393e-06 
1675155008647665688 -4.67385e-05 -9.3469e-05 1.56991 -9.56431e-05 -1.29696e-05 -7.81393e-06 
1675155008747712093 -4.67385e-05 -9.3469e-05 1.56991 -9.56431e-05 -1.29696e-05 -7.81393e-06 
1675155008847666860 -4.67385e-05 -9.3469e-05 1.56991 -9.56431e-05 -1.29696e-05 -7.81393e-06 
1675155008947668654 -4.67385e-05 -9.3469e-05 1.56991 -9.56431e-05 -1.29696e-05 -7.81393e-06 
1675155009047661191 -4.67385e-05 -9.3469e-05 1.56991 -9.56431e-05 -1.29696e-05 -7.81393e-06 
1675155009147664769 -4.67385e-05 -9.3469e-05 1.56991 -9.56431e-05 -1.29696e-05 -7.81393e-06 
1675155009247667370 -4.67385e-05 -9.3469e-05 1.56991 -9.56431e-05 -1.29696e-05 -7.81393e-06 
1675155009347665950 -4.67385e-05 -9.3469e-05 1.56991 -9.56431e-05 -1.29696e-05 -7.81393e-06 
1675155009447667631 -4.67385e-05 -9.3469e-05 1.56991 -9.56431e-05 -1.29696e-05 -7.81393e-06 
1675155009547690212 -4.67385e-05 -9.3469e-05 1.56991 -9.56431e-05 -1.29696e-05 -7.81393e-06 
1675155009647674514 -4.67385e-05 -9.3469e-05 1.56991 -9.56431e-05 -1.29696e-05 -7.81393e-06 
1675155009747663023 -4.67385e-05 -9.3469e-05 1.56991 -9.56431e-05 -1.29696e-05 -7.81393e-06 
1675155009847661199 -4.67385e-05 -9.3469e-05 1.56991 -9.56431e-05 -1.29696e-05 -7.81393e-06 
1675155009947661258 -4.67385e-05 -9.3469e-05 1.56991 -9.56431e-05 -1.29696e-05 -7.81393e-06 
1675155010047661491 -4.67385e-05 -9.3469e-05 1.56991 -9.56431e-05 -1.29696e-05 -7.81393e-06 
1675155010147667705 -4.67385e-05 -9.3469e-05 1.56991 -9.56431e-05 -1.29696e-05 -7.81393e-06 
1675155010247605367 -4.67385e-05 -9.3469e-05 1.56991 -9.56431e-05 -1.29696e-05 -7.81393e-06 
1675155010347600982 -4.67385e-05 -9.3469e-05 1.56991 -9.56431e-05 -1.29696e-05 -7.81393e-06 
1675155010447605203 -4.67385e-05 -9.3469e-05 1.56991 -9.56431e-05 -1.29696e-05 -7.81393e-06 
1675155010547605599 -4.67385e-05 -9.3469e-05 1.56991 -9.56431e-05 -1.29696e-05 -7.81393e-06 
1675155010647676476 -4.67385e-05 -9.3469e-05 1.56991 -9.56431e-05 -1.29696e-05 -7.81393e-06 
1675155010747671741 -4.67385e-05 -9.3469e-05 1.56991 -9.56431e-05 -1.29696e-05 -7.81393e-06 
1675155010847669273 -4.67385e-05 -9.3469e-05 1.56991 -9.56431e-05 -1.29696e-05 -7.81393e-06 
1675155010947667456 -4.67385e-05 -9.3469e-05 1.56991 -9.56431e-05 -1.29696e-05 -7.81393e-06 
1675155011047668865 -4.67385e-05 -9.3469e-05 1.56991 -9.56431e-05 -1.29696e-05 -7.81393e-06 
1675155011147668797 -4.67385e-05 -9.3469e-05 1.56991 -9.56431e-05 -1.29696e-05 -7.81393e-06 
1675155011247664793 -4.67385e-05 -9.3469e-05 1.56991 -9.56431e-05 -1.29696e-05 -7.81393e-06 
1675155011347679255 -4.67385e-05 -9.3469e-05 1.56991 -9.56431e-05 -1.29696e-05 -7.81393e-06 
1675155011447670446 -4.67385e-05 -9.3469e-05 1.56991 -9.56431e-05 -1.29696e-05 -7.81393e-06 
1675155011547666040 -4.67385e-05 -9.3469e-05 1.56991 -9.56431e-05 -1.29696e-05 -7.81393e-06 
1675155011647673320 -4.67385e-05 -9.3469e-05 1.56991 -9.56431e-05 -1.29696e-05 -7.81393e-06 
1675155011747668485 -4.67385e-05 -9.3469e-05 1.56991 -9.56431e-05 -1.29696e-05 -7.81393e-06 
1675155011847665883 -4.67385e-05 -9.3469e-05 1.56991 -9.56431e-05 -1.29696e-05 -7.81393e-06 
1675155011947671555 -4.67385e-05 -9.3469e-05 1.56991 -9.56431e-05 -1.29696e-05 -7.81393e-06 
1675155012047660342 -4.67385e-05 -9.3469e-05 1.56991 -9.56431e-05 -1.29696e-05 -7.81393e-06 
1675155012147665653 -4.67385e-05 -9.3469e-05 1.56991 -9.56431e-05 -1.29696e-05 -7.81393e-06 
1675155012247668281 -4.67385e-05 -9.3469e-05 1.56991 -9.56431e-05 -1.29696e-05 -7.81393e-06 
1675155012347660197 -4.67385e-05 -9.3469e-05 1.56991 -9.56431e-05 -1.29696e-05 -7.81393e-06 
1675155012447659546 -4.67385e-05 -9.3469e-05 1.56991 -9.56431e-05 -1.29696e-05 -7.81393e-06 
1675155012547658146 -4.67385e-05 -9.3469e-05 1.56991 -9.56431e-05 -1.29696e-05 -7.81393e-06 
1675155012647666083 -4.67385e-05 -9.3469e-05 1.56991 -9.56431e-05 -1.29696e-05 -7.81393e-06 
1675155012747659414 -4.67385e-05 -9.3469e-05 1.56991 -9.56431e-05 -1.29696e-05 -7.81393e-06 
1675155012847659493 -4.67385e-05 -9.3469e-05 1.56991 -9.56431e-05 -1.29696e-05 -7.81393e-06 
1675155012947666040 -4.67385e-05 -9.3469e-05 1.56991 -9.56431e-05 -1.29696e-05 -7.81393e-06 
1675155013047735047 -4.67385e-05 -9.3469e-05 1.56991 -9.56431e-05 -1.29696e-05 -7.81393e-06 
1675155013147663987 -4.67385e-05 -9.3469e-05 1.56991 -9.56431e-05 -1.29696e-05 -7.81393e-06 
1675155013247667150 -4.67385e-05 -9.3469e-05 1.56991 -9.56431e-05 -1.29696e-05 -7.81393e-06 
1675155013347663119 -4.67385e-05 -9.3469e-05 1.56991 -9.56431e-05 -1.29696e-05 -7.81393e-06 
1675155013447669903 -4.67385e-05 -9.3469e-05 1.56991 -9.56431e-05 -1.29696e-05 -7.81393e-06 
1675155013547640794 -4.67385e-05 -9.3469e-05 1.56991 -9.56431e-05 -1.29696e-05 -7.81393e-06 
1675155013647674460 -4.67385e-05 -9.3469e-05 1.56991 -9.56431e-05 -1.29696e-05 -7.81393e-06 
1675155013747666953 -4.67385e-05 -9.3469e-05 1.56991 -9.56431e-05 -1.29696e-05 -7.81393e-06 
1675155013847672272 -4.67385e-05 -9.3469e-05 1.56991 -9.56431e-05 -1.29696e-05 -7.81393e-06 
1675155013947671875 -4.67385e-05 -9.3469e-05 1.56991 -9.56431e-05 -1.29696e-05 -7.81393e-06 
1675155014047681601 -4.67385e-05 -9.3469e-05 1.56991 -9.56431e-05 -1.29696e-05 -7.81393e-06 
1675155014147684427 -4.67385e-05 -9.3469e-05 1.56991 -9.56431e-05 -1.29696e-05 -7.81393e-06 
1675155014247667484 -4.67385e-05 -9.3469e-05 1.56991 -9.56431e-05 -1.29696e-05 -7.81393e-06 
1675155014347673523 -4.67385e-05 -9.3469e-05 1.56991 -9.56431e-05 -1.29696e-05 -7.81393e-06 
1675155014447669693 -4.67385e-05 -9.3469e-05 1.56991 -9.56431e-05 -1.29696e-05 -7.81393e-06 
1675155014547672201 -4.67385e-05 -9.3469e-05 1.56991 -9.56431e-05 -1.29696e-05 -7.81393e-06 
1675155014647673139 -4.67385e-05 -9.3469e-05 1.56991 -9.56431e-05 -1.29696e-05 -7.81393e-06 
1675155014747681728 -4.67385e-05 -9.3469e-05 1.56991 -9.56431e-05 -1.29696e-05 -7.81393e-06 
1675155014847667692 -4.67385e-05 -9.3469e-05 1.56991 -9.56431e-05 -1.29696e-05 -7.81393e-06 
1675155014947679344 -4.67385e-05 -9.3469e-05 1.56991 -9.56431e-05 -1.29696e-05 -7.81393e-06 
1675155015047658242 -4.67385e-05 -9.3469e-05 1.56991 -9.56431e-05 -1.29696e-05 -7.81393e-06 
1675155015147666630 -4.67385e-05 -9.3469e-05 1.56991 -9.56431e-05 -1.29696e-05 -7.81393e-06 
1675155015247668090 -4.67385e-05 -9.3469e-05 1.56991 -9.56431e-05 -1.29696e-05 -7.81393e-06 
1675155015347681188 -4.67385e-05 -9.3469e-05 1.56991 -9.56431e-05 -1.29696e-05 -7.81393e-06 
1675155015447669655 -4.67385e-05 -9.3469e-05 1.56991 -9.56431e-05 -1.29696e-05 -7.81393e-06 
1675155015547669068 -4.67385e-05 -9.3469e-05 1.56991 -9.56431e-05 -1.29696e-05 -7.81393e-06 
1675155015647669050 -4.67385e-05 -9.3469e-05 1.56991 -9.56431e-05 -1.29696e-05 -7.81393e-06 
1675155015747666336 -4.67385e-05 -9.3469e-05 1.56991 -9.56431e-05 -1.29696e-05 -7.81393e-06 
1675155015847666152 -4.67385e-05 -9.3469e-05 1.56991 -9.56431e-05 -1.29696e-05 -7.81393e-06 
1675155015947666811 -4.67385e-05 -9.3469e-05 1.56991 -9.56431e-05 -1.29696e-05 -7.81393e-06 
1675155016047665838 -4.67385e-05 -9.3469e-05 1.56991 -9.56431e-05 -1.29696e-05 -7.81393e-06 
1675155016147663988 -4.67385e-05 -9.3469e-05 1.56991 -9.56431e-05 -1.29696e-05 -7.81393e-06 
1675155016247664428 -4.67385e-05 -9.3469e-05 1.56991 -9.56431e-05 -1.29696e-05 -7.81393e-06 
1675155016347663191 -4.67385e-05 -9.3469e-05 1.56991 -9.56431e-05 -1.29696e-05 -7.81393e-06 
1675155016447608920 -4.67385e-05 -9.3469e-05 1.56991 -9.56431e-05 -1.29696e-05 -7.81393e-06 
1675155016547607438 -4.67385e-05 -9.3469e-05 1.56991 -9.56431e-05 -1.29696e-05 -7.81393e-06 
1675155016647617292 -4.67385e-05 -9.3469e-05 1.56991 -9.56431e-05 -1.29696e-05 -7.81393e-06 
1675155016747617856 -4.67385e-05 -9.3469e-05 1.56991 -9.56431e-05 -1.29696e-05 -7.81393e-06 
1675155016847608132 -4.67385e-05 -9.3469e-05 1.56991 -9.56431e-05 -1.29696e-05 -7.81393e-06 
1675155016947605275 -4.67385e-05 -9.3469e-05 1.56991 -9.56431e-05 -1.29696e-05 -7.81393e-06 
1675155017047611947 -4.67385e-05 -9.3469e-05 1.56991 -9.56431e-05 -1.29696e-05 -7.81393e-06 
1675155017147618292 -4.67385e-05 -9.3469e-05 1.56991 -9.56431e-05 -1.29696e-05 -7.81393e-06 
1675155017247667739 -4.67385e-05 -9.3469e-05 1.56991 -9.56431e-05 -1.29696e-05 -7.81393e-06 
1675155017347676053 -4.67385e-05 -9.3469e-05 1.56991 -9.56431e-05 -1.29696e-05 -7.81393e-06 
1675155017447673872 -4.67385e-05 -9.3469e-05 1.56991 -9.56431e-05 -1.29696e-05 -7.81393e-06 
1675155017547674326 -4.67385e-05 -9.3469e-05 1.56991 -9.56431e-05 -1.29696e-05 -7.81393e-06 
1675155017647673908 -4.67385e-05 -9.3469e-05 1.56991 -9.56431e-05 -1.29696e-05 -7.81393e-06 
1675155017747671337 -4.67385e-05 -9.3469e-05 1.56991 -9.56431e-05 -1.29696e-05 -7.81393e-06 
1675155017847666411 -4.67385e-05 -9.3469e-05 1.56991 -9.56431e-05 -1.29696e-05 -7.81393e-06 
1675155017947661479 -4.67385e-05 -9.3469e-05 1.56991 -9.56431e-05 -1.29696e-05 -7.81393e-06 
1675155018047673328 -4.67385e-05 -9.3469e-05 1.56991 -9.56431e-05 -1.29696e-05 -7.81393e-06 
1675155018147687519 -4.67385e-05 -9.3469e-05 1.56991 -9.56431e-05 -1.29696e-05 -7.81393e-06 
1675155018247661671 -4.67385e-05 -9.3469e-05 1.56991 -9.56431e-05 -1.29696e-05 -7.81393e-06 
1675155018347668459 -4.67385e-05 -9.3469e-05 1.56991 -9.56431e-05 -1.29696e-05 -7.81393e-06 
1675155018447668145 -4.67385e-05 -9.3469e-05 1.56991 -9.56431e-05 -1.29696e-05 -7.81393e-06 
1675155018547682089 -4.67385e-05 -9.3469e-05 1.56991 -9.56431e-05 -1.29696e-05 -7.81393e-06 
1675155018647674107 -4.67385e-05 -9.3469e-05 1.56991 -9.56431e-05 -1.29696e-05 -7.81393e-06 
1675155018747668031 -4.67385e-05 -9.3469e-05 1.56991 -9.56431e-05 -1.29696e-05 -7.81393e-06 
1675155018847680991 -4.67385e-05 -9.3469e-05 1.56991 -9.56431e-05 -1.29696e-05 -7.81393e-06 
1675155018947665831 -4.67385e-05 -9.3469e-05 1.56991 -9.56431e-05 -1.29696e-05 -7.81393e-06 
1675155019047681032 -4.67385e-05 -9.3469e-05 1.56991 -9.56431e-05 -1.29696e-05 -7.81393e-06 
1675155019147684930 -4.67385e-05 -9.3469e-05 1.56991 -9.56431e-05 -1.29696e-05 -7.81393e-06 
1675155019247662183 -4.67385e-05 -9.3469e-05 1.56991 -9.56431e-05 -1.29696e-05 -7.81393e-06 
1675155019347671490 -4.67385e-05 -9.3469e-05 1.56991 -9.56431e-05 -1.29696e-05 -7.81393e-06 
1675155019447668134 -4.67385e-05 -9.3469e-05 1.56991 -9.56431e-05 -1.29696e-05 -7.81393e-06 
1675155019547667621 -4.67385e-05 -9.3469e-05 1.56991 -9.56431e-05 -1.29696e-05 -7.81393e-06 
1675155019647667491 -4.67385e-05 -9.3469e-05 1.56991 -9.56431e-05 -1.29696e-05 -7.81393e-06 
1675155019747673194 -4.67385e-05 -9.3469e-05 1.56991 -9.56431e-05 -1.29696e-05 -7.81393e-06 
1675155019847669950 -4.67385e-05 -9.3469e-05 1.56991 -9.56431e-05 -1.29696e-05 -7.81393e-06 
1675155019947663161 -4.67385e-05 -9.3469e-05 1.56991 -9.56431e-05 -1.29696e-05 -7.81393e-06 
1675155020047666740 -4.67385e-05 -9.3469e-05 1.56991 -9.56431e-05 -1.29696e-05 -7.81393e-06 
1675155020147677433 -4.67385e-05 -9.3469e-05 1.56991 -9.56431e-05 -1.29696e-05 -7.81393e-06 
1675155020247659110 -4.67385e-05 -9.3469e-05 1.56991 -9.56431e-05 -1.29696e-05 -7.81393e-06 
1675155020347753933 -4.67385e-05 -9.3469e-05 1.56991 -9.56431e-05 -1.29696e-05 -7.81393e-06 
1675155020447682548 -0.00180043 0.00117291 1.56491 -0.00224547 0.00174129 -7.68997e-06 
1675155020547679153 -0.00706156 0.00497208 1.54991 -0.00869504 0.00700415 -7.31806e-06 
1675155020647686402 -0.0158311 0.0113047 1.52491 -0.0194455 0.0157765 -6.69815e-06 
1675155020747692668 -0.0281083 0.0201704 1.4899 -0.034496 0.0280578 -5.83027e-06 
1675155020847689422 -0.0438922 0.0315683 1.44491 -0.0538453 0.0438469 -4.71452e-06 
1675155020947682612 -0.063183 0.0454985 1.38991 -0.0774937 0.063144 -3.35087e-06 
1675155021047684021 -0.0859827 0.0619627 1.32491 -0.105444 0.0859511 -1.73917e-06 
1675155021147676615 -0.112287 0.0809577 1.24991 -0.13769 0.112264 1.20281e-07 
1675155021247673228 -0.1421 0.102486 1.16492 -0.174238 0.142087 2.22776e-06 
1675155021347681019 -0.175424 0.12655 1.06991 -0.215089 0.175422 4.5834e-06 
1675155021447675873 -0.212252 0.153144 0.964918 -0.260235 0.212261 7.18672e-06 
1675155021547675693 -0.251877 0.181758 0.851947 -0.308812 0.2519 9.98782e-06 
1675155021647735864 -0.289075 0.20862 0.745897 -0.354413 0.28911 1.26173e-05 
1675155021747675116 -0.322724 0.232919 0.649965 -0.395662 0.32277 1.4996e-05 
1675155021847682214 -0.352889 0.254701 0.563968 -0.43264 0.352944 1.71282e-05 
1675155021947679261 -0.379543 0.273949 0.487977 -0.465316 0.379608 1.90124e-05 
1675155022047684608 -0.402691 0.290664 0.421983 -0.493693 0.402763 2.06488e-05 
1675155022147691800 -0.422332 0.304847 0.365988 -0.51777 0.42241 2.20371e-05 
1675155022247685173 -0.438462 0.316495 0.32 -0.537544 0.438546 2.31774e-05 
1675155022347677843 -0.451086 0.325611 0.284012 -0.553019 0.451173 2.40697e-05 
1675155022447684918 -0.460203 0.332195 0.258018 -0.564196 0.460294 2.47142e-05 
1675155022547682272 -0.465812 0.336245 0.242028 -0.571072 0.465904 2.51107e-05 
1675155022647695433 -0.467913 0.337763 0.236036 -0.573648 0.468007 2.52593e-05 
1675155022747765679 -0.467931 0.337775 0.235987 -0.573669 0.468024 2.52605e-05 
1675155022847672438 -0.467931 0.337775 0.235987 -0.573669 0.468024 2.52605e-05 
1675155022947680526 -0.467931 0.337775 0.235987 -0.573669 0.468024 2.52605e-05 
1675155023047681241 -0.467931 0.337775 0.235987 -0.573669 0.468024 2.52605e-05 
1675155023147693733 -0.467931 0.337775 0.235987 -0.573669 0.468024 2.52605e-05 
1675155023247672234 -0.467931 0.337775 0.235987 -0.573669 0.468024 2.52605e-05 
1675155023347685966 -0.467931 0.337775 0.235987 -0.573669 0.468024 2.52605e-05 
1675155023447683134 -0.467931 0.337775 0.235987 -0.573669 0.468024 2.52605e-05 
1675155023547688019 -0.467931 0.337775 0.235987 -0.573669 0.468024 2.52605e-05 
1675155023647690904 -0.467931 0.337775 0.235987 -0.573669 0.468024 2.52605e-05 
1675155023747687541 -0.467931 0.337775 0.235987 -0.573669 0.468024 2.52605e-05 
1675155023847686010 -0.467931 0.337775 0.235987 -0.573669 0.468024 2.52605e-05 
1675155023947675247 -0.467931 0.337775 0.235987 -0.573669 0.468024 2.52605e-05 
1675155024047682648 -0.467931 0.337775 0.235987 -0.573669 0.468024 2.52605e-05 
1675155024147684632 -0.467931 0.337775 0.235987 -0.573669 0.468024 2.52605e-05 
1675155024247678188 -0.467931 0.337775 0.235987 -0.573669 0.468024 2.52605e-05 
1675155024347683688 -0.467931 0.337775 0.235987 -0.573669 0.468024 2.52605e-05 
1675155024447671738 -0.467931 0.337775 0.235987 -0.573669 0.468024 2.52605e-05 
1675155024547677551 -0.467931 0.337775 0.235987 -0.573669 0.468024 2.52605e-05 
1675155024647712651 -0.467931 0.337775 0.235987 -0.573669 0.468024 2.52605e-05 
1675155024747682223 -0.467931 0.337775 0.235987 -0.573669 0.468024 2.52605e-05 
1675155024847679900 -0.467931 0.337775 0.235987 -0.573669 0.468024 2.52605e-05 
1675155024947681654 -0.467931 0.337775 0.235987 -0.573669 0.468024 2.52605e-05 
1675155025047671342 -0.467931 0.337775 0.235987 -0.573669 0.468024 2.52605e-05 
1675155025147687209 -0.467931 0.337775 0.235987 -0.573669 0.468024 2.52605e-05 
1675155025247672457 -0.467931 0.337775 0.235987 -0.573669 0.468024 2.52605e-05 
1675155025347673181 -0.467931 0.337775 0.235987 -0.573669 0.468024 2.52605e-05 
1675155025447676223 -0.467931 0.337775 0.235987 -0.573669 0.468024 2.52605e-05 
1675155025547679052 -0.467931 0.337775 0.235987 -0.573669 0.468024 2.52605e-05 
1675155025647678642 -0.467931 0.337775 0.235987 -0.573669 0.468024 2.52605e-05 
1675155025747688319 -0.467931 0.337775 0.235987 -0.573669 0.468024 2.52605e-05 
1675155025847682075 -0.467931 0.337775 0.235987 -0.573669 0.468024 2.52605e-05 
1675155025947680620 -0.467931 0.337775 0.235987 -0.573669 0.468024 2.52605e-05 
1675155026047741411 -0.467931 0.337775 0.235987 -0.573669 0.468024 2.52605e-05 
1675155026147688766 -0.467931 0.337775 0.235987 -0.573669 0.468024 2.52605e-05 
1675155026247681001 -0.467931 0.337775 0.235987 -0.573669 0.468024 2.52605e-05 
1675155026347681231 -0.467931 0.337775 0.235987 -0.573669 0.468024 2.52605e-05 
1675155026447685003 -0.467931 0.337775 0.235987 -0.573669 0.468024 2.52605e-05 
1675155026547677945 -0.467931 0.337775 0.235987 -0.573669 0.468024 2.52605e-05 
1675155026647681859 -0.467931 0.337775 0.235987 -0.573669 0.468024 2.52605e-05 
1675155026747683401 -0.467931 0.337775 0.235987 -0.573669 0.468024 2.52605e-05 
1675155026847674150 -0.467931 0.337775 0.235987 -0.573669 0.468024 2.52605e-05 
1675155026947677787 -0.467931 0.337775 0.235987 -0.573669 0.468024 2.52605e-05 
1675155027047680372 -0.467931 0.337775 0.235987 -0.573669 0.468024 2.52605e-05 
1675155027147680782 -0.467931 0.337775 0.235987 -0.573669 0.468024 2.52605e-05 
1675155027247677824 -0.467931 0.337775 0.235987 -0.573669 0.468024 2.52605e-05 
1675155027347676438 -0.467931 0.337775 0.235987 -0.573669 0.468024 2.52605e-05 
1675155027447671150 -0.467931 0.337775 0.235987 -0.573669 0.468024 2.52605e-05 
1675155027547681409 -0.467931 0.337775 0.235987 -0.573669 0.468024 2.52605e-05 
