1675156079107404047 0 0 0 0 0 0 
1675156079157304343 0 0 0 0 0 0 
1675156079207306536 0 0 0 0 0 0 
1675156079257336512 0 0 0 0 0 0 
1675156079307290215 0 0 0 0 0 0 
1675156079357286416 0 0 0 0 0 0 
1675156079407321256 0 0 0 0 0 0 
1675156079457327531 0 0 0 0 0 0 
1675156079507490589 -1.55795e-05 -6.75054e-05 -8.05743e-05 -0.000103419 -8.29556e-05 4.66196e-05 
1675156079557356989 -1.55795e-05 -6.75054e-05 -8.05743e-05 -0.000103419 -8.29556e-05 4.66196e-05 
1675156079607267718 -1.55795e-05 -6.75054e-05 -8.05743e-05 -0.000103419 -8.29556e-05 4.66196e-05 
1675156079657497478 -1.55795e-05 -6.75054e-05 -8.05743e-05 -0.000103419 -8.29556e-05 4.66196e-05 
1675156079707290937 -1.55795e-05 -6.75054e-05 -8.05743e-05 -0.000103419 -8.29556e-05 4.66196e-05 
1675156079757387362 -1.55795e-05 -6.75054e-05 -8.05743e-05 -0.000103419 -8.29556e-05 4.66196e-05 
1675156079807243193 -1.55795e-05 -6.75054e-05 -8.05743e-05 -0.000103419 -8.29556e-05 4.66196e-05 
1675156079857327561 -1.55795e-05 -6.75054e-05 -8.05743e-05 -0.000103419 -8.29556e-05 4.66196e-05 
1675156079907232619 -1.55795e-05 -6.75054e-05 -8.05743e-05 -0.000103419 -8.29556e-05 4.66196e-05 
1675156079957325230 -1.55795e-05 -6.75054e-05 -8.05743e-05 -0.000103419 -8.29556e-05 4.66196e-05 
1675156080007361361 -1.55795e-05 -6.75054e-05 -8.05743e-05 -0.000103419 -8.29556e-05 4.66196e-05 
1675156080057327746 -1.55795e-05 -6.75054e-05 -8.05743e-05 -0.000103419 -8.29556e-05 4.66196e-05 
1675156080107334802 -1.55795e-05 -6.75054e-05 -8.05743e-05 -0.000103419 -8.29556e-05 4.66196e-05 
1675156080157326470 -1.55795e-05 -6.75054e-05 -8.05743e-05 -0.000103419 -8.29556e-05 4.66196e-05 
1675156080207340028 -1.55795e-05 -6.75054e-05 -8.05743e-05 -0.000103419 -8.29556e-05 4.66196e-05 
1675156080257330388 -1.55795e-05 -6.75054e-05 -8.05743e-05 -0.000103419 -8.29556e-05 4.66196e-05 
1675156080307334528 -1.55795e-05 -6.75054e-05 -8.05743e-05 -0.000103419 -8.29556e-05 4.66196e-05 
1675156080357330827 -1.55795e-05 -6.75054e-05 -8.05743e-05 -0.000103419 -8.29556e-05 4.66196e-05 
1675156080407335235 -1.55795e-05 -6.75054e-05 -8.05743e-05 -0.000103419 -8.29556e-05 4.66196e-05 
1675156080457328803 -1.55795e-05 -6.75054e-05 -8.05743e-05 -0.000103419 -8.29556e-05 4.66196e-05 
1675156080507262665 -1.55795e-05 -6.75054e-05 -8.05743e-05 -0.000103419 -8.29556e-05 4.66196e-05 
1675156080557231061 -1.55795e-05 -6.75054e-05 -8.05743e-05 -0.000103419 -8.29556e-05 4.66196e-05 
1675156080607210420 -1.55795e-05 -6.75054e-05 -8.05743e-05 -0.000103419 -8.29556e-05 4.66196e-05 
1675156080657216981 -1.55795e-05 -6.75054e-05 -8.05743e-05 -0.000103419 -8.29556e-05 4.66196e-05 
1675156080707210825 -1.55795e-05 -6.75054e-05 -8.05743e-05 -0.000103419 -8.29556e-05 4.66196e-05 
1675156080757212542 -1.55795e-05 -6.75054e-05 -8.05743e-05 -0.000103419 -8.29556e-05 4.66196e-05 
1675156080807333537 -1.55795e-05 -6.75054e-05 -8.05743e-05 -0.000103419 -8.29556e-05 4.66196e-05 
1675156080857328291 -1.55795e-05 -6.75054e-05 -8.05743e-05 -0.000103419 -8.29556e-05 4.66196e-05 
1675156080907336110 -1.55795e-05 -6.75054e-05 -8.05743e-05 -0.000103419 -8.29556e-05 4.66196e-05 
1675156080957340323 -1.55795e-05 -6.75054e-05 -8.05743e-05 -0.000103419 -8.29556e-05 4.66196e-05 
1675156081007336493 -1.55795e-05 -6.75054e-05 -8.05743e-05 -0.000103419 -8.29556e-05 4.66196e-05 
1675156081057328387 -1.55795e-05 -6.75054e-05 -8.05743e-05 -0.000103419 -8.29556e-05 4.66196e-05 
1675156081107331932 -1.55795e-05 -6.75054e-05 -8.05743e-05 -0.000103419 -8.29556e-05 4.66196e-05 
1675156081157329715 -1.55795e-05 -6.75054e-05 -8.05743e-05 -0.000103419 -8.29556e-05 4.66196e-05 
1675156081207339620 -1.55795e-05 -6.75054e-05 -8.05743e-05 -0.000103419 -8.29556e-05 4.66196e-05 
1675156081257288079 -1.55795e-05 -6.75054e-05 -8.05743e-05 -0.000103419 -8.29556e-05 4.66196e-05 
1675156081307412281 -1.55795e-05 -6.75054e-05 -8.05743e-05 -0.000103419 -8.29556e-05 4.66196e-05 
1675156081357327399 -1.55795e-05 -6.75054e-05 -8.05743e-05 -0.000103419 -8.29556e-05 4.66196e-05 
1675156081407336935 -1.55795e-05 -6.75054e-05 -8.05743e-05 -0.000103419 -8.29556e-05 4.66196e-05 
1675156081457329179 -1.55795e-05 -6.75054e-05 -8.05743e-05 -0.000103419 -8.29556e-05 4.66196e-05 
1675156081507334567 -1.55795e-05 -6.75054e-05 -8.05743e-05 -0.000103419 -8.29556e-05 4.66196e-05 
1675156081557325996 -1.55795e-05 -6.75054e-05 -8.05743e-05 -0.000103419 -8.29556e-05 4.66196e-05 
1675156081607338179 -1.55795e-05 -6.75054e-05 -8.05743e-05 -0.000103419 -8.29556e-05 4.66196e-05 
1675156081657327722 -1.55795e-05 -6.75054e-05 -8.05743e-05 -0.000103419 -8.29556e-05 4.66196e-05 
1675156081707334199 -1.55795e-05 -6.75054e-05 -8.05743e-05 -0.000103419 -8.29556e-05 4.66196e-05 
1675156081757334224 -1.55795e-05 -6.75054e-05 -8.05743e-05 -0.000103419 -8.29556e-05 4.66196e-05 
1675156081807344923 -1.55795e-05 -6.75054e-05 -8.05743e-05 -0.000103419 -8.29556e-05 4.66196e-05 
1675156081857333474 -1.55795e-05 -6.75054e-05 -8.05743e-05 -0.000103419 -8.29556e-05 4.66196e-05 
1675156081907324902 -1.55795e-05 -6.75054e-05 -8.05743e-05 -0.000103419 -8.29556e-05 4.66196e-05 
1675156081957323748 -1.55795e-05 -6.75054e-05 -8.05743e-05 -0.000103419 -8.29556e-05 4.66196e-05 
1675156082007331027 -1.55795e-05 -6.75054e-05 -8.05743e-05 -0.000103419 -8.29556e-05 4.66196e-05 
1675156082057324605 -1.55795e-05 -6.75054e-05 -8.05743e-05 -0.000103419 -8.29556e-05 4.66196e-05 
1675156082107330486 -1.55795e-05 -6.75054e-05 -8.05743e-05 -0.000103419 -8.29556e-05 4.66196e-05 
1675156082157310658 -1.55795e-05 -6.75054e-05 -8.05743e-05 -0.000103419 -8.29556e-05 4.66196e-05 
1675156082207327865 -1.55795e-05 -6.75054e-05 -8.05743e-05 -0.000103419 -8.29556e-05 4.66196e-05 
1675156082257320490 -1.55795e-05 -6.75054e-05 -8.05743e-05 -0.000103419 -8.29556e-05 4.66196e-05 
1675156082307330444 -1.55795e-05 -6.75054e-05 -8.05743e-05 -0.000103419 -8.29556e-05 4.66196e-05 
1675156082357320210 -1.55795e-05 -6.75054e-05 -8.05743e-05 -0.000103419 -8.29556e-05 4.66196e-05 
1675156082407328694 -1.55795e-05 -6.75054e-05 -8.05743e-05 -0.000103419 -8.29556e-05 4.66196e-05 
1675156082457330660 -1.55795e-05 -6.75054e-05 -8.05743e-05 -0.000103419 -8.29556e-05 4.66196e-05 
1675156082507331930 -1.55795e-05 -6.75054e-05 -8.05743e-05 -0.000103419 -8.29556e-05 4.66196e-05 
1675156082557366033 -1.55795e-05 -6.75054e-05 -8.05743e-05 -0.000103419 -8.29556e-05 4.66196e-05 
1675156082607327341 -1.55795e-05 -6.75054e-05 -8.05743e-05 -0.000103419 -8.29556e-05 4.66196e-05 
1675156082657327856 -1.55795e-05 -6.75054e-05 -8.05743e-05 -0.000103419 -8.29556e-05 4.66196e-05 
1675156082707319127 -1.55795e-05 -6.75054e-05 -8.05743e-05 -0.000103419 -8.29556e-05 4.66196e-05 
1675156082757345647 -1.55795e-05 -6.75054e-05 -8.05743e-05 -0.000103419 -8.29556e-05 4.66196e-05 
1675156082807290090 -1.55795e-05 -6.75054e-05 -8.05743e-05 -0.000103419 -8.29556e-05 4.66196e-05 
1675156082857350156 -1.55795e-05 -6.75054e-05 -8.05743e-05 -0.000103419 -8.29556e-05 4.66196e-05 
1675156082907344989 -1.55795e-05 -6.75054e-05 -8.05743e-05 -0.000103419 -8.29556e-05 4.66196e-05 
1675156082957289709 -1.55795e-05 -6.75054e-05 -8.05743e-05 -0.000103419 -8.29556e-05 4.66196e-05 
1675156083007259251 -1.55795e-05 -6.75054e-05 -8.05743e-05 -0.000103419 -8.29556e-05 4.66196e-05 
1675156083057321596 -1.55795e-05 -6.75054e-05 -8.05743e-05 -0.000103419 -8.29556e-05 4.66196e-05 
1675156083107306617 -1.55795e-05 -6.75054e-05 -8.05743e-05 -0.000103419 -8.29556e-05 4.66196e-05 
1675156083157307530 -1.55795e-05 -6.75054e-05 -8.05743e-05 -0.000103419 -8.29556e-05 4.66196e-05 
1675156083207300644 -1.55795e-05 -6.75054e-05 -8.05743e-05 -0.000103419 -8.29556e-05 4.66196e-05 
1675156083257335448 -1.55795e-05 -6.75054e-05 -8.05743e-05 -0.000103419 -8.29556e-05 4.66196e-05 
1675156083307316860 -1.55795e-05 -6.75054e-05 -8.05743e-05 -0.000103419 -8.29556e-05 4.66196e-05 
1675156083357319268 -1.55795e-05 -6.75054e-05 -8.05743e-05 -0.000103419 -8.29556e-05 4.66196e-05 
1675156083407257167 -1.55795e-05 -6.75054e-05 -8.05743e-05 -0.000103419 -8.29556e-05 4.66196e-05 
1675156083457340523 -1.55795e-05 -6.75054e-05 -8.05743e-05 -0.000103419 -8.29556e-05 4.66196e-05 
1675156083507225549 -1.55795e-05 -6.75054e-05 -8.05743e-05 -0.000103419 -8.29556e-05 4.66196e-05 
1675156083557325759 -1.55795e-05 -6.75054e-05 -8.05743e-05 -0.000103419 -8.29556e-05 4.66196e-05 
1675156083607231597 -1.55795e-05 -6.75054e-05 -8.05743e-05 -0.000103419 -8.29556e-05 4.66196e-05 
1675156083657288811 -1.55795e-05 -6.75054e-05 -8.05743e-05 -0.000103419 -8.29556e-05 4.66196e-05 
1675156083707215597 -1.55795e-05 -6.75054e-05 -8.05743e-05 -0.000103419 -8.29556e-05 4.66196e-05 
1675156083757378507 -1.55795e-05 -6.75054e-05 -8.05743e-05 -0.000103419 -8.29556e-05 4.66196e-05 
1675156083807329103 -1.55795e-05 -6.75054e-05 -8.05743e-05 -0.000103419 -8.29556e-05 4.66196e-05 
1675156083857341679 -1.55795e-05 -6.75054e-05 -8.05743e-05 -0.000103419 -8.29556e-05 4.66196e-05 
1675156083907327188 -1.55795e-05 -6.75054e-05 -8.05743e-05 -0.000103419 -8.29556e-05 4.66196e-05 
1675156083957352026 -1.55795e-05 -6.75054e-05 -8.05743e-05 -0.000103419 -8.29556e-05 4.66196e-05 
1675156084007329703 -1.55795e-05 -6.75054e-05 -8.05743e-05 -0.000103419 -8.29556e-05 4.66196e-05 
1675156084057338487 -1.55795e-05 -6.75054e-05 -8.05743e-05 -0.000103419 -8.29556e-05 4.66196e-05 
1675156084107338743 -1.55795e-05 -6.75054e-05 -8.05743e-05 -0.000103419 -8.29556e-05 4.66196e-05 
1675156084157327656 -1.55795e-05 -6.75054e-05 -8.05743e-05 -0.000103419 -8.29556e-05 4.66196e-05 
1675156084207325965 -1.55795e-05 -6.75054e-05 -8.05743e-05 -0.000103419 -8.29556e-05 4.66196e-05 
1675156084257332258 -1.55795e-05 -6.75054e-05 -8.05743e-05 -0.000103419 -8.29556e-05 4.66196e-05 
1675156084307330277 -1.55795e-05 -6.75054e-05 -8.05743e-05 -0.000103419 -8.29556e-05 4.66196e-05 
1675156084357329174 -1.55795e-05 -6.75054e-05 -8.05743e-05 -0.000103419 -8.29556e-05 4.66196e-05 
1675156084407328027 -1.55795e-05 -6.75054e-05 -8.05743e-05 -0.000103419 -8.29556e-05 4.66196e-05 
1675156084457330456 -1.55795e-05 -6.75054e-05 -8.05743e-05 -0.000103419 -8.29556e-05 4.66196e-05 
1675156084507325856 -1.55795e-05 -6.75054e-05 -8.05743e-05 -0.000103419 -8.29556e-05 4.66196e-05 
1675156084557330753 -1.55795e-05 -6.75054e-05 -8.05743e-05 -0.000103419 -8.29556e-05 4.66196e-05 
1675156084607329193 -1.55795e-05 -6.75054e-05 -8.05743e-05 -0.000103419 -8.29556e-05 4.66196e-05 
1675156084657333585 -1.55795e-05 -6.75054e-05 -8.05743e-05 -0.000103419 -8.29556e-05 4.66196e-05 
1675156084707328733 -1.55795e-05 -6.75054e-05 -8.05743e-05 -0.000103419 -8.29556e-05 4.66196e-05 
1675156084757331422 -1.55795e-05 -6.75054e-05 -8.05743e-05 -0.000103419 -8.29556e-05 4.66196e-05 
1675156084807332283 -1.55795e-05 -6.75054e-05 -8.05743e-05 -0.000103419 -8.29556e-05 4.66196e-05 
1675156084857326826 -1.55795e-05 -6.75054e-05 -8.05743e-05 -0.000103419 -8.29556e-05 4.66196e-05 
1675156084907329053 -1.55795e-05 -6.75054e-05 -8.05743e-05 -0.000103419 -8.29556e-05 4.66196e-05 
1675156084957339029 -1.55795e-05 -6.75054e-05 -8.05743e-05 -0.000103419 -8.29556e-05 4.66196e-05 
1675156085007334518 -1.55795e-05 -6.75054e-05 -8.05743e-05 -0.000103419 -8.29556e-05 4.66196e-05 
1675156085057346464 -1.55795e-05 -6.75054e-05 -8.05743e-05 -0.000103419 -8.29556e-05 4.66196e-05 
1675156085107330917 -1.55795e-05 -6.75054e-05 -8.05743e-05 -0.000103419 -8.29556e-05 4.66196e-05 
1675156085157329450 -1.55795e-05 -6.75054e-05 -8.05743e-05 -0.000103419 -8.29556e-05 4.66196e-05 
1675156085207331767 -1.55795e-05 -6.75054e-05 -8.05743e-05 -0.000103419 -8.29556e-05 4.66196e-05 
1675156085257334467 -1.55795e-05 -6.75054e-05 -8.05743e-05 -0.000103419 -8.29556e-05 4.66196e-05 
1675156085307328416 -1.55795e-05 -6.75054e-05 -8.05743e-05 -0.000103419 -8.29556e-05 4.66196e-05 
1675156085357330195 -1.55795e-05 -6.75054e-05 -8.05743e-05 -0.000103419 -8.29556e-05 4.66196e-05 
1675156085407326822 -1.55795e-05 -6.75054e-05 -8.05743e-05 -0.000103419 -8.29556e-05 4.66196e-05 
1675156085457333289 -1.55795e-05 -6.75054e-05 -8.05743e-05 -0.000103419 -8.29556e-05 4.66196e-05 
1675156085507328370 -1.55795e-05 -6.75054e-05 -8.05743e-05 -0.000103419 -8.29556e-05 4.66196e-05 
1675156085557386749 -1.55795e-05 -6.75054e-05 -8.05743e-05 -0.000103419 -8.29556e-05 4.66196e-05 
1675156085607331624 -1.55795e-05 -6.75054e-05 -8.05743e-05 -0.000103419 -8.29556e-05 4.66196e-05 
1675156085657328713 -1.55795e-05 -6.75054e-05 -8.05743e-05 -0.000103419 -8.29556e-05 4.66196e-05 
1675156085707328871 -1.55795e-05 -6.75054e-05 -8.05743e-05 -0.000103419 -8.29556e-05 4.66196e-05 
1675156085757332519 -1.55795e-05 -6.75054e-05 -8.05743e-05 -0.000103419 -8.29556e-05 4.66196e-05 
1675156085807332328 -1.55795e-05 -6.75054e-05 -8.05743e-05 -0.000103419 -8.29556e-05 4.66196e-05 
1675156085857331354 -1.55795e-05 -6.75054e-05 -8.05743e-05 -0.000103419 -8.29556e-05 4.66196e-05 
1675156085907330616 -1.55795e-05 -6.75054e-05 -8.05743e-05 -0.000103419 -8.29556e-05 4.66196e-05 
1675156085957327008 -1.55795e-05 -6.75054e-05 -8.05743e-05 -0.000103419 -8.29556e-05 4.66196e-05 
1675156086007328655 -1.55795e-05 -6.75054e-05 -8.05743e-05 -0.000103419 -8.29556e-05 4.66196e-05 
1675156086057330880 -1.55795e-05 -6.75054e-05 -8.05743e-05 -0.000103419 -8.29556e-05 4.66196e-05 
1675156086107327158 -1.55795e-05 -6.75054e-05 -8.05743e-05 -0.000103419 -8.29556e-05 4.66196e-05 
1675156086157329199 -1.55795e-05 -6.75054e-05 -8.05743e-05 -0.000103419 -8.29556e-05 4.66196e-05 
1675156086207330348 -1.55795e-05 -6.75054e-05 -8.05743e-05 -0.000103419 -8.29556e-05 4.66196e-05 
1675156086257333125 -1.55795e-05 -6.75054e-05 -8.05743e-05 -0.000103419 -8.29556e-05 4.66196e-05 
1675156086307332701 -1.55795e-05 -6.75054e-05 -8.05743e-05 -0.000103419 -8.29556e-05 4.66196e-05 
1675156086357330149 -1.55795e-05 -6.75054e-05 -8.05743e-05 -0.000103419 -8.29556e-05 4.66196e-05 
1675156086407326938 -1.55795e-05 -6.75054e-05 -8.05743e-05 -0.000103419 -8.29556e-05 4.66196e-05 
1675156086457355480 -1.55795e-05 -6.75054e-05 -8.05743e-05 -0.000103419 -8.29556e-05 4.66196e-05 
1675156086507359291 -1.55795e-05 -6.75054e-05 -8.05743e-05 -0.000103419 -8.29556e-05 4.66196e-05 
1675156086557339379 -1.55795e-05 -6.75054e-05 -8.05743e-05 -0.000103419 -8.29556e-05 4.66196e-05 
1675156086607321970 -1.55795e-05 -6.75054e-05 -8.05743e-05 -0.000103419 -8.29556e-05 4.66196e-05 
1675156086657356475 -1.55795e-05 -6.75054e-05 -8.05743e-05 -0.000103419 -8.29556e-05 4.66196e-05 
1675156086707346298 -1.55795e-05 -6.75054e-05 -8.05743e-05 -0.000103419 -8.29556e-05 4.66196e-05 
1675156086757336962 -1.55795e-05 -6.75054e-05 -8.05743e-05 -0.000103419 -8.29556e-05 4.66196e-05 
1675156086807342259 -1.55795e-05 -6.75054e-05 -8.05743e-05 -0.000103419 -8.29556e-05 4.66196e-05 
1675156086857335423 -1.55795e-05 -6.75054e-05 -8.05743e-05 -0.000103419 -8.29556e-05 4.66196e-05 
1675156086907316481 -1.55795e-05 -6.75054e-05 -8.05743e-05 -0.000103419 -8.29556e-05 4.66196e-05 
1675156086957318393 -1.55795e-05 -6.75054e-05 -8.05743e-05 -0.000103419 -8.29556e-05 4.66196e-05 
1675156087007290070 -1.55795e-05 -6.75054e-05 -8.05743e-05 -0.000103419 -8.29556e-05 4.66196e-05 
1675156087057328198 -1.55795e-05 -6.75054e-05 -8.05743e-05 -0.000103419 -8.29556e-05 4.66196e-05 
1675156087107274394 -1.55795e-05 -6.75054e-05 -8.05743e-05 -0.000103419 -8.29556e-05 4.66196e-05 
1675156087157329853 -1.55795e-05 -6.75054e-05 -8.05743e-05 -0.000103419 -8.29556e-05 4.66196e-05 
1675156087207319157 -1.55795e-05 -6.75054e-05 -8.05743e-05 -0.000103419 -8.29556e-05 4.66196e-05 
1675156087257328934 -1.55795e-05 -6.75054e-05 -8.05743e-05 -0.000103419 -8.29556e-05 4.66196e-05 
1675156087307277748 -1.55795e-05 -6.75054e-05 -8.05743e-05 -0.000103419 -8.29556e-05 4.66196e-05 
1675156087357331097 -1.55795e-05 -6.75054e-05 -8.05743e-05 -0.000103419 -8.29556e-05 4.66196e-05 
1675156087407339035 -1.55795e-05 -6.75054e-05 -8.05743e-05 -0.000103419 -8.29556e-05 4.66196e-05 
1675156087457344944 -1.55795e-05 -6.75054e-05 -8.05743e-05 -0.000103419 -8.29556e-05 4.66196e-05 
1675156087507316501 -1.55795e-05 -6.75054e-05 -8.05743e-05 -0.000103419 -8.29556e-05 4.66196e-05 
1675156087557373641 -1.55795e-05 -6.75054e-05 -8.05743e-05 -0.000103419 -8.29556e-05 4.66196e-05 
1675156087607391661 -1.55795e-05 -6.75054e-05 -8.05743e-05 -0.000103419 -8.29556e-05 4.66196e-05 
1675156087657329370 -1.55795e-05 -6.75054e-05 -8.05743e-05 -0.000103419 -8.29556e-05 4.66196e-05 
1675156087707346390 -1.55795e-05 -6.75054e-05 -8.05743e-05 -0.000103419 -8.29556e-05 4.66196e-05 
1675156087757347367 -1.55795e-05 -6.75054e-05 -8.05743e-05 -0.000103419 -8.29556e-05 4.66196e-05 
1675156087807336188 -1.55795e-05 -6.75054e-05 -8.05743e-05 -0.000103419 -8.29556e-05 4.66196e-05 
1675156087857346835 -1.55795e-05 -6.75054e-05 -8.05743e-05 -0.000103419 -8.29556e-05 4.66196e-05 
1675156087907334725 -1.55795e-05 -6.75054e-05 -8.05743e-05 -0.000103419 -8.29556e-05 4.66196e-05 
1675156087957351126 -1.55795e-05 -6.75054e-05 -8.05743e-05 -0.000103419 -8.29556e-05 4.66196e-05 
1675156088007333607 -1.55795e-05 -6.75054e-05 -8.05743e-05 -0.000103419 -8.29556e-05 4.66196e-05 
1675156088057289915 -1.55795e-05 -6.75054e-05 -8.05743e-05 -0.000103419 -8.29556e-05 4.66196e-05 
1675156088107327733 -1.55795e-05 -6.75054e-05 -8.05743e-05 -0.000103419 -8.29556e-05 4.66196e-05 
1675156088157317796 -1.55795e-05 -6.75054e-05 -8.05743e-05 -0.000103419 -8.29556e-05 4.66196e-05 
1675156088207334197 -1.55795e-05 -6.75054e-05 -8.05743e-05 -0.000103419 -8.29556e-05 4.66196e-05 
1675156088257335978 -1.55795e-05 -6.75054e-05 -8.05743e-05 -0.000103419 -8.29556e-05 4.66196e-05 
1675156088307342801 -1.55795e-05 -6.75054e-05 -8.05743e-05 -0.000103419 -8.29556e-05 4.66196e-05 
1675156088357331084 -1.55795e-05 -6.75054e-05 -8.05743e-05 -0.000103419 -8.29556e-05 4.66196e-05 
1675156088407338316 -1.55795e-05 -6.75054e-05 -8.05743e-05 -0.000103419 -8.29556e-05 4.66196e-05 
1675156088457336290 -1.55795e-05 -6.75054e-05 -8.05743e-05 -0.000103419 -8.29556e-05 4.66196e-05 
1675156088507340897 -1.55795e-05 -6.75054e-05 -8.05743e-05 -0.000103419 -8.29556e-05 4.66196e-05 
1675156088557351515 -1.55795e-05 -6.75054e-05 -8.05743e-05 -0.000103419 -8.29556e-05 4.66196e-05 
1675156088607370226 -1.55795e-05 -6.75054e-05 -8.05743e-05 -0.000103419 -8.29556e-05 4.66196e-05 
1675156088657349775 -1.55795e-05 -6.75054e-05 -8.05743e-05 -0.000103419 -8.29556e-05 4.66196e-05 
1675156088707343971 -1.55795e-05 -6.75054e-05 -8.05743e-05 -0.000103419 -8.29556e-05 4.66196e-05 
1675156088757340174 -1.55795e-05 -6.75054e-05 -8.05743e-05 -0.000103419 -8.29556e-05 4.66196e-05 
1675156088807270083 -1.55795e-05 -6.75054e-05 -8.05743e-05 -0.000103419 -8.29556e-05 4.66196e-05 
1675156088857349258 -1.55795e-05 -6.75054e-05 -8.05743e-05 -0.000103419 -8.29556e-05 4.66196e-05 
1675156088907339307 -1.55795e-05 -6.75054e-05 -8.05743e-05 -0.000103419 -8.29556e-05 4.66196e-05 
1675156088957340339 -1.55795e-05 -6.75054e-05 -8.05743e-05 -0.000103419 -8.29556e-05 4.66196e-05 
1675156089007341348 -1.55795e-05 -6.75054e-05 -8.05743e-05 -0.000103419 -8.29556e-05 4.66196e-05 
1675156089057330510 -1.55795e-05 -6.75054e-05 -8.05743e-05 -0.000103419 -8.29556e-05 4.66196e-05 
1675156089107336001 -1.55795e-05 -6.75054e-05 -8.05743e-05 -0.000103419 -8.29556e-05 4.66196e-05 
1675156089157342080 -1.55795e-05 -6.75054e-05 -8.05743e-05 -0.000103419 -8.29556e-05 4.66196e-05 
1675156089207341611 -1.55795e-05 -6.75054e-05 -8.05743e-05 -0.000103419 -8.29556e-05 4.66196e-05 
1675156089257341108 -1.55795e-05 -6.75054e-05 -8.05743e-05 -0.000103419 -8.29556e-05 4.66196e-05 
1675156089307338078 -1.55795e-05 -6.75054e-05 -8.05743e-05 -0.000103419 -8.29556e-05 4.66196e-05 
1675156089357330049 -1.55795e-05 -6.75054e-05 -8.05743e-05 -0.000103419 -8.29556e-05 4.66196e-05 
1675156089407341107 -1.55795e-05 -6.75054e-05 -8.05743e-05 -0.000103419 -8.29556e-05 4.66196e-05 
1675156089457280664 -1.55795e-05 -6.75054e-05 -8.05743e-05 -0.000103419 -8.29556e-05 4.66196e-05 
1675156089507337746 -1.55795e-05 -6.75054e-05 -8.05743e-05 -0.000103419 -8.29556e-05 4.66196e-05 
1675156089557403199 -1.55795e-05 -6.75054e-05 -8.05743e-05 -0.000103419 -8.29556e-05 4.66196e-05 
1675156089607338325 -1.55795e-05 -6.75054e-05 -8.05743e-05 -0.000103419 -8.29556e-05 4.66196e-05 
1675156089657346405 -1.55795e-05 -6.75054e-05 -8.05743e-05 -0.000103419 -8.29556e-05 4.66196e-05 
1675156089707342370 -1.55795e-05 -6.75054e-05 -8.05743e-05 -0.000103419 -8.29556e-05 4.66196e-05 
1675156089757349864 -1.55795e-05 -6.75054e-05 -8.05743e-05 -0.000103419 -8.29556e-05 4.66196e-05 
1675156089807339576 -1.55795e-05 -6.75054e-05 -8.05743e-05 -0.000103419 -8.29556e-05 4.66196e-05 
1675156089857336347 -1.55795e-05 -6.75054e-05 -8.05743e-05 -0.000103419 -8.29556e-05 4.66196e-05 
1675156089907339373 -1.55795e-05 -6.75054e-05 -8.05743e-05 -0.000103419 -8.29556e-05 4.66196e-05 
1675156089957342089 -1.55795e-05 -6.75054e-05 -8.05743e-05 -0.000103419 -8.29556e-05 4.66196e-05 
1675156090007341949 -1.55795e-05 -6.75054e-05 -8.05743e-05 -0.000103419 -8.29556e-05 4.66196e-05 
1675156090057389480 -1.55795e-05 -6.75054e-05 -8.05743e-05 -0.000103419 -8.29556e-05 4.66196e-05 
1675156090107341140 -1.55795e-05 -6.75054e-05 -8.05743e-05 -0.000103419 -8.29556e-05 4.66196e-05 
1675156090157343349 -1.55795e-05 -6.75054e-05 -8.05743e-05 -0.000103419 -8.29556e-05 4.66196e-05 
1675156090207338289 -1.55795e-05 -6.75054e-05 -8.05743e-05 -0.000103419 -8.29556e-05 4.66196e-05 
1675156090257359406 -1.55795e-05 -6.75054e-05 -8.05743e-05 -0.000103419 -8.29556e-05 4.66196e-05 
1675156090307343338 -1.55795e-05 -6.75054e-05 -8.05743e-05 -0.000103419 -8.29556e-05 4.66196e-05 
1675156090357334644 -1.55795e-05 -6.75054e-05 -8.05743e-05 -0.000103419 -8.29556e-05 4.66196e-05 
1675156090407341114 -1.55795e-05 -6.75054e-05 -8.05743e-05 -0.000103419 -8.29556e-05 4.66196e-05 
1675156090457340824 -1.55795e-05 -6.75054e-05 -8.05743e-05 -0.000103419 -8.29556e-05 4.66196e-05 
1675156090507345919 -1.55795e-05 -6.75054e-05 -8.05743e-05 -0.000103419 -8.29556e-05 4.66196e-05 
1675156090557342129 -1.55795e-05 -6.75054e-05 -8.05743e-05 -0.000103419 -8.29556e-05 4.66196e-05 
1675156090607341399 -1.55795e-05 -6.75054e-05 -8.05743e-05 -0.000103419 -8.29556e-05 4.66196e-05 
1675156090657337564 -1.55795e-05 -6.75054e-05 -8.05743e-05 -0.000103419 -8.29556e-05 4.66196e-05 
1675156090707262077 -1.55795e-05 -6.75054e-05 -8.05743e-05 -0.000103419 -8.29556e-05 4.66196e-05 
1675156090757359827 -1.55795e-05 -6.75054e-05 -8.05743e-05 -0.000103419 -8.29556e-05 4.66196e-05 
1675156090807337802 -1.55795e-05 -6.75054e-05 -8.05743e-05 -0.000103419 -8.29556e-05 4.66196e-05 
1675156090857337675 -1.55795e-05 -6.75054e-05 -8.05743e-05 -0.000103419 -8.29556e-05 4.66196e-05 
1675156090907335521 -1.55795e-05 -6.75054e-05 -8.05743e-05 -0.000103419 -8.29556e-05 4.66196e-05 
1675156090957338126 -1.55795e-05 -6.75054e-05 -8.05743e-05 -0.000103419 -8.29556e-05 4.66196e-05 
1675156091007337949 -1.55795e-05 -6.75054e-05 -8.05743e-05 -0.000103419 -8.29556e-05 4.66196e-05 
1675156091057334399 -1.55795e-05 -6.75054e-05 -8.05743e-05 -0.000103419 -8.29556e-05 4.66196e-05 
1675156091107337436 -1.55795e-05 -6.75054e-05 -8.05743e-05 -0.000103419 -8.29556e-05 4.66196e-05 
1675156091157339787 -1.55795e-05 -6.75054e-05 -8.05743e-05 -0.000103419 -8.29556e-05 4.66196e-05 
1675156091207329557 -1.55795e-05 -6.75054e-05 -8.05743e-05 -0.000103419 -8.29556e-05 4.66196e-05 
1675156091257345604 -1.55795e-05 -6.75054e-05 -8.05743e-05 -0.000103419 -8.29556e-05 4.66196e-05 
1675156091307327247 -1.55795e-05 -6.75054e-05 -8.05743e-05 -0.000103419 -8.29556e-05 4.66196e-05 
1675156091357336268 -1.55795e-05 -6.75054e-05 -8.05743e-05 -0.000103419 -8.29556e-05 4.66196e-05 
1675156091407283985 -1.55795e-05 -6.75054e-05 -8.05743e-05 -0.000103419 -8.29556e-05 4.66196e-05 
1675156091457302731 -1.55795e-05 -6.75054e-05 -8.05743e-05 -0.000103419 -8.29556e-05 4.66196e-05 
1675156091507319490 -1.55795e-05 -6.75054e-05 -8.05743e-05 -0.000103419 -8.29556e-05 4.66196e-05 
1675156091557267851 -1.55795e-05 -6.75054e-05 -8.05743e-05 -0.000103419 -8.29556e-05 4.66196e-05 
1675156091607253351 -1.55795e-05 -6.75054e-05 -8.05743e-05 -0.000103419 -8.29556e-05 4.66196e-05 
1675156091657252427 -1.55795e-05 -6.75054e-05 -8.05743e-05 -0.000103419 -8.29556e-05 4.66196e-05 
1675156091707256466 -1.55795e-05 -6.75054e-05 -8.05743e-05 -0.000103419 -8.29556e-05 4.66196e-05 
1675156091757304640 -1.55795e-05 -6.75054e-05 -8.05743e-05 -0.000103419 -8.29556e-05 4.66196e-05 
1675156091807247898 -1.55795e-05 -6.75054e-05 -8.05743e-05 -0.000103419 -8.29556e-05 4.66196e-05 
1675156091857298726 -1.55795e-05 -6.75054e-05 -8.05743e-05 -0.000103419 -8.29556e-05 4.66196e-05 
1675156091907257215 -1.55795e-05 -6.75054e-05 -8.05743e-05 -0.000103419 -8.29556e-05 4.66196e-05 
1675156091957301481 -1.55795e-05 -6.75054e-05 -8.05743e-05 -0.000103419 -8.29556e-05 4.66196e-05 
1675156092007261825 -1.55795e-05 -6.75054e-05 -8.05743e-05 -0.000103419 -8.29556e-05 4.66196e-05 
1675156092057240844 -1.55795e-05 -6.75054e-05 -8.05743e-05 -0.000103419 -8.29556e-05 4.66196e-05 
1675156092107248859 -1.55795e-05 -6.75054e-05 -8.05743e-05 -0.000103419 -8.29556e-05 4.66196e-05 
1675156092157255280 -1.55795e-05 -6.75054e-05 -8.05743e-05 -0.000103419 -8.29556e-05 4.66196e-05 
1675156092207252750 -1.55795e-05 -6.75054e-05 -8.05743e-05 -0.000103419 -8.29556e-05 4.66196e-05 
1675156092257317767 -1.55795e-05 -6.75054e-05 -8.05743e-05 -0.000103419 -8.29556e-05 4.66196e-05 
1675156092307279113 -1.55795e-05 -6.75054e-05 -8.05743e-05 -0.000103419 -8.29556e-05 4.66196e-05 
1675156092357244611 -1.55795e-05 -6.75054e-05 -8.05743e-05 -0.000103419 -8.29556e-05 4.66196e-05 
1675156092407264409 -1.55795e-05 -6.75054e-05 -8.05743e-05 -0.000103419 -8.29556e-05 4.66196e-05 
1675156092457424948 -1.03863e-05 -7.26981e-05 -8.05743e-05 -0.000103419 -8.29556e-05 5.43958e-05 
1675156092507265957 0.0010804 -0.000138525 -0.000451583 0.000333628 -0.00117383 5.44954e-05 
1675156092557307751 0.00498724 -0.000374292 -0.00178041 0.00189898 -0.00508097 5.48521e-05 
1675156092607246804 0.0112286 -0.000750946 -0.00390329 0.00439973 -0.0113229 5.5422e-05 
1675156092657318981 0.019985 -0.00127937 -0.00688157 0.00790816 -0.0200799 5.62214e-05 
1675156092707268279 0.0312251 -0.00195769 -0.0107047 0.0124117 -0.0313209 5.72477e-05 
1675156092757346202 0.044993 -0.00278854 -0.0153875 0.0179281 -0.0450899 5.85047e-05 
1675156092807345327 0.0612423 -0.00376915 -0.0209143 0.0244388 -0.0613404 5.99882e-05 
1675156092857341936 0.0799914 -0.00490061 -0.0272914 0.0319509 -0.0800909 6.17e-05 
1675156092907348476 0.101243 -0.0061831 -0.0345197 0.0404659 -0.101344 6.36403e-05 
1675156092957354814 0.124995 -0.00761647 -0.0425984 0.0499826 -0.125098 6.58089e-05 
1675156093007343103 0.151239 -0.00920022 -0.0515247 0.0604978 -0.151344 6.8205e-05 
1675156093057354740 0.179993 -0.0109354 -0.0613047 0.0720186 -0.1801 7.08302e-05 
1675156093107356278 0.211243 -0.0128213 -0.0719339 0.0845397 -0.211353 7.36834e-05 
1675156093157343775 0.244986 -0.0148576 -0.0834106 0.0980593 -0.245098 7.67641e-05 
1675156093207347982 0.281235 -0.0170452 -0.09574 0.112583 -0.28135 8.00737e-05 
1675156093257350947 0.319986 -0.0193837 -0.108921 0.12811 -0.320105 8.36117e-05 
1675156093307363694 0.361246 -0.0218736 -0.122954 0.144641 -0.361367 8.73787e-05 
1675156093357343286 0.404976 -0.0245126 -0.137828 0.162163 -0.405101 9.13713e-05 
1675156093407359821 0.451239 -0.0273045 -0.153563 0.180699 -0.451367 9.55951e-05 
1675156093457342497 0.499969 -0.0302452 -0.170137 0.200224 -0.500101 0.000100044 
1675156093507408995 0.551285 -0.033342 -0.187592 0.220785 -0.551422 0.000104729 
1675156093557353365 0.604973 -0.0365819 -0.205852 0.242296 -0.605113 0.000109631 
1675156093607346361 0.661212 -0.0399759 -0.224981 0.264829 -0.661357 0.000114766 
1675156093657350668 0.719966 -0.0435215 -0.244965 0.28837 -0.720116 0.00012013 
1675156093707284718 0.781129 -0.0472126 -0.265768 0.312876 -0.781283 0.000125714 
1675156093757378464 0.844992 -0.0510665 -0.28749 0.338464 -0.845151 0.000131545 
1675156093807342798 0.911193 -0.0550616 -0.310007 0.364989 -0.911357 0.000137589 
1675156093857355887 0.979959 -0.0592115 -0.333396 0.392542 -0.980129 0.000143867 
1675156093907355459 1.0512 -0.0635106 -0.357626 0.421085 -1.05137 0.000150372 
1675156093957344608 1.12493 -0.0679601 -0.382704 0.450627 -1.12511 0.000157103 
1675156094007340240 1.19902 -0.0724312 -0.407904 0.480313 -1.19921 0.000163868 
1675156094057343511 1.27003 -0.0767163 -0.432056 0.508763 -1.27022 0.000170351 
1675156094107346799 1.33883 -0.0808684 -0.455458 0.536331 -1.33903 0.000176632 
1675156094157346894 1.40513 -0.0848694 -0.478008 0.562895 -1.40533 0.000182686 
1675156094207355679 1.46894 -0.0887201 -0.499711 0.588461 -1.46915 0.000188511 
1675156094257378233 1.53026 -0.092421 -0.52057 0.613033 -1.53048 0.000194111 
1675156094307351353 1.58903 -0.0959671 -0.540556 0.636577 -1.58924 0.000199475 
1675156094357363374 1.64534 -0.0993656 -0.559711 0.659141 -1.64556 0.000204617 
1675156094407343025 1.69912 -0.102611 -0.578003 0.680689 -1.69935 0.000209527 
1675156094457342560 1.75042 -0.105707 -0.595451 0.701243 -1.75065 0.000214211 
1675156094507353210 1.79923 -0.108652 -0.612053 0.7208 -1.79946 0.000218667 
1675156094557351669 1.84553 -0.111446 -0.627801 0.73935 -1.84577 0.000222894 
1675156094607344006 1.88932 -0.114089 -0.642697 0.756898 -1.88957 0.000226893 
1675156094657344179 1.93062 -0.116582 -0.656744 0.773446 -1.93087 0.000230664 
1675156094707350566 1.96943 -0.118924 -0.669943 0.788995 -1.96968 0.000234207 
1675156094757357437 2.00574 -0.121115 -0.682292 0.803541 -2.00599 0.000237521 
1675156094807283337 2.03949 -0.123152 -0.693772 0.817065 -2.03974 0.000240603 
1675156094857341898 2.07083 -0.125043 -0.704432 0.829622 -2.07108 0.000243464 
1675156094907356947 2.09964 -0.126781 -0.71423 0.841165 -2.0999 0.000246095 
1675156094957343022 2.12593 -0.128368 -0.723174 0.851701 -2.12619 0.000248496 
1675156095007348663 2.14974 -0.129805 -0.731271 0.861239 -2.15 0.000250669 
1675156095057360233 2.17105 -0.131091 -0.738518 0.869776 -2.17131 0.000252614 
1675156095107354807 2.18985 -0.132225 -0.744913 0.877308 -2.19011 0.000254331 
1675156095157350224 2.20615 -0.133209 -0.750457 0.88384 -2.20641 0.000255819 
1675156095207344009 2.21995 -0.134042 -0.755151 0.88937 -2.22022 0.000257079 
1675156095257360145 2.23126 -0.134724 -0.758997 0.8939 -2.23152 0.000258111 
1675156095307370913 2.24006 -0.135255 -0.761992 0.897428 -2.24033 0.000258915 
1675156095357350430 2.24636 -0.135636 -0.764135 0.899952 -2.24663 0.00025949 
1675156095407346809 2.25016 -0.135865 -0.765428 0.901476 -2.25043 0.000259838 
1675156095457351893 2.25147 -0.135944 -0.765872 0.901998 -2.25174 0.000259957 
1675156095507358676 2.25147 -0.135944 -0.765872 0.901999 -2.25174 0.000259957 
1675156095557353792 2.25147 -0.135944 -0.765872 0.901999 -2.25174 0.000259957 
1675156095607348034 2.25147 -0.135944 -0.765872 0.901999 -2.25174 0.000259957 
1675156095657410118 2.25147 -0.135944 -0.765872 0.901999 -2.25174 0.000259957 
1675156095707349390 2.25147 -0.135944 -0.765872 0.901999 -2.25174 0.000259957 
1675156095757362643 2.25147 -0.135944 -0.765872 0.901999 -2.25174 0.000259957 
1675156095807346355 2.25147 -0.135944 -0.765872 0.901999 -2.25174 0.000259957 
1675156095857387437 2.25147 -0.135944 -0.765872 0.901999 -2.25174 0.000259957 
1675156095907381934 2.25147 -0.135944 -0.765872 0.901999 -2.25174 0.000259957 
1675156095957349408 2.25147 -0.135944 -0.765872 0.901999 -2.25174 0.000259957 
1675156096007348258 2.25147 -0.135944 -0.765872 0.901999 -2.25174 0.000259957 
1675156096057356463 2.25147 -0.135944 -0.765872 0.901999 -2.25174 0.000259957 
1675156096107353934 2.25147 -0.135944 -0.765872 0.901999 -2.25174 0.000259957 
1675156096157349075 2.25147 -0.135944 -0.765872 0.901999 -2.25174 0.000259957 
1675156096207343226 2.25147 -0.135944 -0.765872 0.901999 -2.25174 0.000259957 
1675156096257358699 2.25147 -0.135944 -0.765872 0.901999 -2.25174 0.000259957 
1675156096307370804 2.25147 -0.135944 -0.765872 0.901999 -2.25174 0.000259957 
1675156096357348595 2.25147 -0.135944 -0.765872 0.901999 -2.25174 0.000259957 
1675156096407351712 2.25147 -0.135944 -0.765872 0.901999 -2.25174 0.000259957 
1675156096457345952 2.25147 -0.135944 -0.765872 0.901999 -2.25174 0.000259957 
1675156096507361639 2.25147 -0.135944 -0.765872 0.901999 -2.25174 0.000259957 
1675156096557336042 2.25147 -0.135944 -0.765872 0.901999 -2.25174 0.000259957 
1675156096607330489 2.25147 -0.135944 -0.765872 0.901999 -2.25174 0.000259957 
1675156096657332701 2.25147 -0.135944 -0.765872 0.901999 -2.25174 0.000259957 
1675156096707341213 2.25147 -0.135944 -0.765872 0.901999 -2.25174 0.000259957 
1675156096757337910 2.25147 -0.135944 -0.765872 0.901999 -2.25174 0.000259957 
1675156096807293000 2.25147 -0.135944 -0.765872 0.901999 -2.25174 0.000259957 
1675156096857305898 2.25147 -0.135944 -0.765872 0.901999 -2.25174 0.000259957 
1675156096907255632 2.25147 -0.135944 -0.765872 0.901999 -2.25174 0.000259957 
1675156096957237993 2.25147 -0.135944 -0.765872 0.901999 -2.25174 0.000259957 
1675156097007245392 2.25147 -0.135944 -0.765872 0.901999 -2.25174 0.000259957 
1675156097057297475 2.25147 -0.135944 -0.765872 0.901999 -2.25174 0.000259957 
1675156097107251623 2.25147 -0.135944 -0.765872 0.901999 -2.25174 0.000259957 
1675156097157299356 2.25147 -0.135944 -0.765872 0.901999 -2.25174 0.000259957 
1675156097207259246 2.25147 -0.135944 -0.765872 0.901999 -2.25174 0.000259957 
1675156097257314431 2.25147 -0.135944 -0.765872 0.901999 -2.25174 0.000259957 
1675156097307256976 2.25147 -0.135944 -0.765872 0.901999 -2.25174 0.000259957 
1675156097357229298 2.25147 -0.135944 -0.765872 0.901999 -2.25174 0.000259957 
1675156097407242680 2.25147 -0.135944 -0.765872 0.901999 -2.25174 0.000259957 
1675156097457250575 2.25147 -0.135944 -0.765872 0.901999 -2.25174 0.000259957 
1675156097507244237 2.25147 -0.135944 -0.765872 0.901999 -2.25174 0.000259957 
1675156097557296962 2.25147 -0.135944 -0.765872 0.901999 -2.25174 0.000259957 
1675156097607242967 2.25147 -0.135944 -0.765872 0.901999 -2.25174 0.000259957 
1675156097657296765 2.25147 -0.135944 -0.765872 0.901999 -2.25174 0.000259957 
1675156097707256680 2.25147 -0.135944 -0.765872 0.901999 -2.25174 0.000259957 
1675156097757295268 2.25147 -0.135944 -0.765872 0.901999 -2.25174 0.000259957 
1675156097807270478 2.25147 -0.135944 -0.765872 0.901999 -2.25174 0.000259957 
1675156097857383043 2.25147 -0.135944 -0.765872 0.901999 -2.25174 0.000259957 
1675156097907332983 2.25147 -0.135944 -0.765872 0.901999 -2.25174 0.000259957 
1675156097957333283 2.25147 -0.135944 -0.765872 0.901999 -2.25174 0.000259957 
1675156098007341180 2.25147 -0.135944 -0.765872 0.901999 -2.25174 0.000259957 
1675156098057337974 2.25147 -0.135944 -0.765872 0.901999 -2.25174 0.000259957 
1675156098107333867 2.25147 -0.135944 -0.765872 0.901999 -2.25174 0.000259957 
1675156098157343352 2.25147 -0.135944 -0.765872 0.901999 -2.25174 0.000259957 
1675156098207342441 2.25147 -0.135944 -0.765872 0.901999 -2.25174 0.000259957 
1675156098257333824 2.25147 -0.135944 -0.765872 0.901999 -2.25174 0.000259957 
1675156098307345587 2.25147 -0.135944 -0.765872 0.901999 -2.25174 0.000259957 
1675156098357334941 2.25147 -0.135944 -0.765872 0.901999 -2.25174 0.000259957 
1675156098407337078 2.25147 -0.135944 -0.765872 0.901999 -2.25174 0.000259957 
1675156098457332251 2.25147 -0.135944 -0.765872 0.901999 -2.25174 0.000259957 
1675156098507334491 2.25147 -0.135944 -0.765872 0.901999 -2.25174 0.000259957 
1675156098557335088 2.25147 -0.135944 -0.765872 0.901999 -2.25174 0.000259957 
1675156098607330271 2.25147 -0.135944 -0.765872 0.901999 -2.25174 0.000259957 
1675156098657337566 2.25147 -0.135944 -0.765872 0.901999 -2.25174 0.000259957 
1675156098707354654 2.25147 -0.135944 -0.765872 0.901999 -2.25174 0.000259957 
1675156098757340902 2.25147 -0.135944 -0.765872 0.901999 -2.25174 0.000259957 
1675156098807346497 2.25147 -0.135944 -0.765872 0.901999 -2.25174 0.000259957 
1675156098857334872 2.25147 -0.135944 -0.765872 0.901999 -2.25174 0.000259957 
1675156098907339619 2.25147 -0.135944 -0.765872 0.901999 -2.25174 0.000259957 
1675156098957334021 2.25147 -0.135944 -0.765872 0.901999 -2.25174 0.000259957 
1675156099007337188 2.25147 -0.135944 -0.765872 0.901999 -2.25174 0.000259957 
1675156099057332000 2.25147 -0.135944 -0.765872 0.901999 -2.25174 0.000259957 
1675156099107333795 2.25147 -0.135944 -0.765872 0.901999 -2.25174 0.000259957 
1675156099157338591 2.25147 -0.135944 -0.765872 0.901999 -2.25174 0.000259957 
1675156099207340828 2.25147 -0.135944 -0.765872 0.901999 -2.25174 0.000259957 
1675156099257333056 2.25147 -0.135944 -0.765872 0.901999 -2.25174 0.000259957 
1675156099307336541 2.25147 -0.135944 -0.765872 0.901999 -2.25174 0.000259957 
1675156099357332935 2.25147 -0.135944 -0.765872 0.901999 -2.25174 0.000259957 
1675156099407337034 2.25147 -0.135944 -0.765872 0.901999 -2.25174 0.000259957 
1675156099457338391 2.25147 -0.135944 -0.765872 0.901999 -2.25174 0.000259957 
1675156099507338963 2.25147 -0.135944 -0.765872 0.901999 -2.25174 0.000259957 
1675156099557330478 2.25147 -0.135944 -0.765872 0.901999 -2.25174 0.000259957 
1675156099607334918 2.25147 -0.135944 -0.765872 0.901999 -2.25174 0.000259957 
1675156099657377899 2.25147 -0.135944 -0.765872 0.901999 -2.25174 0.000259957 
1675156099707337192 2.25147 -0.135944 -0.765872 0.901999 -2.25174 0.000259957 
1675156099757334551 2.25147 -0.135944 -0.765872 0.901999 -2.25174 0.000259957 
1675156099807340474 2.25147 -0.135944 -0.765872 0.901999 -2.25174 0.000259957 
1675156099857334508 2.25147 -0.135944 -0.765872 0.901999 -2.25174 0.000259957 
1675156099907340601 2.25147 -0.135944 -0.765872 0.901999 -2.25174 0.000259957 
1675156099957340207 2.25147 -0.135944 -0.765872 0.901999 -2.25174 0.000259957 
1675156100007335266 2.25147 -0.135944 -0.765872 0.901999 -2.25174 0.000259957 
1675156100057362535 2.25147 -0.135944 -0.765872 0.901999 -2.25174 0.000259957 
1675156100107334809 2.25147 -0.135944 -0.765872 0.901999 -2.25174 0.000259957 
1675156100157331987 2.25147 -0.135944 -0.765872 0.901999 -2.25174 0.000259957 
1675156100207329642 2.25147 -0.135944 -0.765872 0.901999 -2.25174 0.000259957 
1675156100257378158 2.25147 -0.135944 -0.765872 0.901999 -2.25174 0.000259957 
1675156100307343627 2.25147 -0.135944 -0.765872 0.901999 -2.25174 0.000259957 
1675156100357383119 2.25147 -0.135944 -0.765872 0.901999 -2.25174 0.000259957 
1675156100407339778 2.25147 -0.135944 -0.765872 0.901999 -2.25174 0.000259957 
1675156100457338154 2.25147 -0.135944 -0.765872 0.901999 -2.25174 0.000259957 
1675156100507336089 2.25147 -0.135944 -0.765872 0.901999 -2.25174 0.000259957 
1675156100557337234 2.25147 -0.135944 -0.765872 0.901999 -2.25174 0.000259957 
1675156100607339379 2.25147 -0.135944 -0.765872 0.901999 -2.25174 0.000259957 
1675156100657330819 2.25147 -0.135944 -0.765872 0.901999 -2.25174 0.000259957 
1675156100707339282 2.25147 -0.135944 -0.765872 0.901999 -2.25174 0.000259957 
1675156100757333631 2.25147 -0.135944 -0.765872 0.901999 -2.25174 0.000259957 
1675156100807251864 2.25147 -0.135944 -0.765872 0.901999 -2.25174 0.000259957 
1675156100857233916 2.25147 -0.135944 -0.765872 0.901999 -2.25174 0.000259957 
1675156100907241455 2.25147 -0.135944 -0.765872 0.901999 -2.25174 0.000259957 
1675156100957321609 2.25147 -0.135944 -0.765872 0.901999 -2.25174 0.000259957 
1675156101007249372 2.25147 -0.135944 -0.765872 0.901999 -2.25174 0.000259957 
1675156101057297982 2.25147 -0.135944 -0.765872 0.901999 -2.25174 0.000259957 
1675156101107254641 2.25147 -0.135944 -0.765872 0.901999 -2.25174 0.000259957 
1675156101157287945 2.25147 -0.135944 -0.765872 0.901999 -2.25174 0.000259957 
1675156101207249363 2.25147 -0.135944 -0.765872 0.901999 -2.25174 0.000259957 
1675156101257245412 2.25147 -0.135944 -0.765872 0.901999 -2.25174 0.000259957 
1675156101307254534 2.25147 -0.135944 -0.765872 0.901999 -2.25174 0.000259957 
1675156101357248671 2.25147 -0.135944 -0.765872 0.901999 -2.25174 0.000259957 
1675156101407234891 2.25147 -0.135944 -0.765872 0.901999 -2.25174 0.000259957 
1675156101457247313 2.25147 -0.135944 -0.765872 0.901999 -2.25174 0.000259957 
1675156101507245996 2.25147 -0.135944 -0.765872 0.901999 -2.25174 0.000259957 
1675156101557289381 2.25147 -0.135944 -0.765872 0.901999 -2.25174 0.000259957 
1675156101607247126 2.25147 -0.135944 -0.765872 0.901999 -2.25174 0.000259957 
1675156101657246944 2.25147 -0.135944 -0.765872 0.901999 -2.25174 0.000259957 
1675156101707240816 2.25147 -0.135944 -0.765872 0.901999 -2.25174 0.000259957 
1675156101757298262 2.25147 -0.135944 -0.765872 0.901999 -2.25174 0.000259957 
1675156101807241742 2.25147 -0.135944 -0.765872 0.901999 -2.25174 0.000259957 
1675156101857288511 2.25147 -0.135944 -0.765872 0.901999 -2.25174 0.000259957 
1675156101907244428 2.25147 -0.135944 -0.765872 0.901999 -2.25174 0.000259957 
1675156101957298995 2.25147 -0.135944 -0.765872 0.901999 -2.25174 0.000259957 
1675156102007247361 2.25147 -0.135944 -0.765872 0.901999 -2.25174 0.000259957 
1675156102057230226 2.25147 -0.135944 -0.765872 0.901999 -2.25174 0.000259957 
1675156102107246522 2.25147 -0.135944 -0.765872 0.901999 -2.25174 0.000259957 
1675156102157308154 2.25147 -0.135944 -0.765872 0.901999 -2.25174 0.000259957 
1675156102207255060 2.25147 -0.135944 -0.765872 0.901999 -2.25174 0.000259957 
1675156102257291494 2.25147 -0.135944 -0.765872 0.901999 -2.25174 0.000259957 
1675156102307244198 2.25147 -0.135944 -0.765872 0.901999 -2.25174 0.000259957 
1675156102357293764 2.25147 -0.135944 -0.765872 0.901999 -2.25174 0.000259957 
1675156102407240915 2.25147 -0.135944 -0.765872 0.901999 -2.25174 0.000259957 
1675156102457300302 2.25147 -0.135944 -0.765872 0.901999 -2.25174 0.000259957 
1675156102507261789 2.25147 -0.135944 -0.765872 0.901999 -2.25174 0.000259957 
1675156102557233600 2.25147 -0.135944 -0.765872 0.901999 -2.25174 0.000259957 
1675156102607234312 2.25147 -0.135944 -0.765872 0.901999 -2.25174 0.000259957 
1675156102657261294 2.25147 -0.135944 -0.765872 0.901999 -2.25174 0.000259957 
1675156102707238567 2.25147 -0.135944 -0.765872 0.901999 -2.25174 0.000259957 
1675156102757302965 2.25147 -0.135944 -0.765872 0.901999 -2.25174 0.000259957 
1675156102807232959 2.25147 -0.135944 -0.765872 0.901999 -2.25174 0.000259957 
1675156102857337799 2.25147 -0.135944 -0.765872 0.901999 -2.25174 0.000259957 
1675156102907246000 2.25147 -0.135944 -0.765872 0.901999 -2.25174 0.000259957 
1675156102957302490 2.25147 -0.135944 -0.765872 0.901999 -2.25174 0.000259957 
1675156103007248305 2.25147 -0.135944 -0.765872 0.901999 -2.25174 0.000259957 
1675156103057251988 2.25147 -0.135944 -0.765872 0.901999 -2.25174 0.000259957 
1675156103107246602 2.25147 -0.135944 -0.765872 0.901999 -2.25174 0.000259957 
1675156103157287185 2.25147 -0.135944 -0.765872 0.901999 -2.25174 0.000259957 
1675156103207244829 2.25147 -0.135944 -0.765872 0.901999 -2.25174 0.000259957 
1675156103257252433 2.25147 -0.135944 -0.765872 0.901999 -2.25174 0.000259957 
1675156103307255145 2.25147 -0.135944 -0.765872 0.901999 -2.25174 0.000259957 
1675156103357299424 2.25147 -0.135944 -0.765872 0.901999 -2.25174 0.000259957 
1675156103407242491 2.25147 -0.135944 -0.765872 0.901999 -2.25174 0.000259957 
1675156103457300989 2.25147 -0.135944 -0.765872 0.901999 -2.25174 0.000259957 
1675156103507272834 2.25147 -0.135944 -0.765872 0.901999 -2.25174 0.000259957 
1675156103557236505 2.25147 -0.135944 -0.765872 0.901999 -2.25174 0.000259957 
1675156103607242625 2.25147 -0.135944 -0.765872 0.901999 -2.25174 0.000259957 
1675156103657246425 2.25147 -0.135944 -0.765872 0.901999 -2.25174 0.000259957 
1675156103707250170 2.25147 -0.135944 -0.765872 0.901999 -2.25174 0.000259957 
1675156103757303749 2.25147 -0.135944 -0.765872 0.901999 -2.25174 0.000259957 
1675156103807240804 2.25147 -0.135944 -0.765872 0.901999 -2.25174 0.000259957 
1675156103857292360 2.25147 -0.135944 -0.765872 0.901999 -2.25174 0.000259957 
1675156103907260433 2.25146 -0.13595 -0.765876 0.902 -2.25173 0.000264354 
1675156103957266952 2.25041 -0.135887 -0.764782 0.901578 -2.25068 0.000264207 
1675156104007246423 2.24664 -0.13566 -0.760877 0.900069 -2.24691 0.000263684 
1675156104057308413 2.24061 -0.135296 -0.75462 0.897653 -2.24088 0.000262846 
1675156104107259100 2.23218 -0.134787 -0.745876 0.894277 -2.23245 0.000261675 
1675156104157329090 2.22133 -0.134132 -0.734612 0.889927 -2.22159 0.000260166 
1675156104207246345 2.20809 -0.133333 -0.720877 0.884623 -2.20835 0.000258326 
1675156104257329239 2.1924 -0.132386 -0.704605 0.87834 -2.19267 0.000256147 
1675156104307266423 2.17435 -0.131296 -0.685873 0.871106 -2.17461 0.000253637 
1675156104357244001 2.15387 -0.13006 -0.664627 0.862901 -2.15413 0.000250792 
1675156104407253492 2.13097 -0.128679 -0.640874 0.853729 -2.13123 0.00024761 
1675156104457260613 2.10566 -0.127151 -0.61462 0.84359 -2.10592 0.000244093 
1675156104507257247 2.07795 -0.125479 -0.585873 0.832489 -2.0782 0.000240242 
1675156104557306074 2.0478 -0.12366 -0.554596 0.820411 -2.04805 0.000236053 
1675156104607315986 2.01527 -0.121696 -0.520846 0.807378 -2.01552 0.000231532 
1675156104657321123 1.98032 -0.119587 -0.484591 0.793378 -1.98056 0.000226676 
1675156104707267519 1.943 -0.117334 -0.445865 0.778423 -1.94323 0.000221489 
1675156104757314510 1.90321 -0.114933 -0.404591 0.762485 -1.90344 0.00021596 
1675156104807261234 1.86107 -0.11239 -0.360876 0.745604 -1.8613 0.000210104 
1675156104857273838 1.81647 -0.109698 -0.314602 0.727734 -1.81669 0.000203906 
1675156104907260686 1.76949 -0.106863 -0.265868 0.708915 -1.76971 0.000197378 
1675156104957321021 1.72005 -0.10388 -0.214578 0.689109 -1.72026 0.000190508 
1675156105007258931 1.66828 -0.100755 -0.160867 0.668368 -1.66848 0.000183313 
1675156105057250835 1.61406 -0.0974832 -0.104621 0.646647 -1.61426 0.000175779 
1675156105107263234 1.55743 -0.094065 -0.0458632 0.623957 -1.55761 0.000167909 
1675156105157339183 1.49833 -0.0904984 0.0154477 0.600281 -1.49851 0.000159696 
1675156105207324641 1.43685 -0.0867885 0.079221 0.575654 -1.43703 0.000151154 
1675156105257339850 1.37301 -0.0829355 0.145455 0.550077 -1.37317 0.000142282 
1675156105307258490 1.30681 -0.07894 0.214137 0.523555 -1.30696 0.000133082 
1675156105357337760 1.23806 -0.0747914 0.285451 0.496015 -1.23821 0.000123529 
1675156105407281610 1.167 -0.0705029 0.359172 0.467547 -1.16714 0.000113655 
1675156105457317878 1.0941 -0.0661034 0.434798 0.438343 -1.09424 0.000103524 
1675156105507263989 1.02257 -0.0617865 0.509007 0.409687 -1.0227 9.35844e-05 
1675156105557323808 0.953527 -0.0576195 0.580638 0.382025 -0.953641 8.39894e-05 
1675156105607259001 0.886988 -0.0536038 0.649667 0.355368 -0.887094 7.4743e-05 
1675156105657250148 0.822811 -0.0497307 0.716246 0.329658 -0.822909 6.58248e-05 
1675156105707271818 0.761025 -0.0460019 0.780345 0.304906 -0.761115 5.72388e-05 
1675156105757313085 0.701623 -0.042417 0.84197 0.281108 -0.701706 4.89842e-05 
1675156105807261505 0.644721 -0.0389829 0.901001 0.258312 -0.644798 4.1077e-05 
1675156105857323972 0.590144 -0.0356892 0.957622 0.236448 -0.590214 3.34927e-05 
1675156105907265834 0.538044 -0.0325449 1.01167 0.215576 -0.538107 2.62528e-05 
1675156105957324781 0.488293 -0.0295424 1.06328 0.195644 -0.48835 1.93393e-05 
1675156106007277150 0.44101 -0.0266889 1.11234 0.176702 -0.441062 1.27688e-05 
1675156106057248988 0.396117 -0.0239796 1.15891 0.158717 -0.396163 6.53032e-06 
1675156106107270945 0.353615 -0.0214146 1.203 0.14169 -0.353656 6.24141e-07 
1675156106157270945 0.313532 -0.0189955 1.24459 0.125633 -0.313569 -4.94586e-06 
1675156106207275307 0.275857 -0.0167218 1.28367 0.110539 -0.275889 -1.01813e-05 
1675156106257323445 0.240563 -0.0145918 1.32029 0.0963998 -0.240591 -1.50858e-05 
1675156106307247531 0.207757 -0.0126119 1.35432 0.0832571 -0.20778 -1.96447e-05 
1675156106357238687 0.177315 -0.0107748 1.3859 0.0710616 -0.177335 -2.3875e-05 
1675156106407251465 0.149278 -0.00908275 1.41499 0.0598296 -0.149295 -2.7771e-05 
1675156106457256357 0.123649 -0.00753601 1.44158 0.0495621 -0.123662 -3.13325e-05 
1675156106507245855 0.100439 -0.0061353 1.46565 0.0402639 -0.10045 -3.45578e-05 
1675156106557311508 0.0796154 -0.00487856 1.48726 0.0319215 -0.0796234 -3.74515e-05 
1675156106607248346 0.0612393 -0.00376955 1.50632 0.0245597 -0.061245 -4.00051e-05 
1675156106657330937 0.0452401 -0.00280399 1.52292 0.0181501 -0.0452439 -4.22284e-05 
1675156106707261668 0.0316761 -0.0019854 1.53699 0.0127162 -0.0316783 -4.41133e-05 
1675156106757350085 0.0205015 -0.001311 1.54858 0.0082394 -0.0205022 -4.56662e-05 
1675156106807249341 0.0117577 -0.000783315 1.55766 0.0047365 -0.0117574 -4.68812e-05 
1675156106857235330 0.00541254 -0.000400382 1.56424 0.00219452 -0.0054115 -4.7763e-05 
1675156106907243317 0.00147611 -0.000162817 1.56832 0.000617523 -0.00147459 -4.831e-05 
1675156106957283635 -5.06485e-05 -7.06768e-05 1.56991 5.87854e-06 5.23478e-05 -4.85221e-05 
1675156107007243123 -7.18345e-05 -6.93982e-05 1.56993 -2.60893e-06 7.35364e-05 -4.85251e-05 
1675156107057229867 -7.18345e-05 -6.93982e-05 1.56993 -2.60893e-06 7.35364e-05 -4.85251e-05 
1675156107107357370 -7.18345e-05 -6.93982e-05 1.56993 -2.60893e-06 7.35364e-05 -4.85251e-05 
1675156107157355491 -7.18345e-05 -6.93982e-05 1.56993 -2.60893e-06 7.35364e-05 -4.85251e-05 
1675156107207291389 -7.18345e-05 -6.93982e-05 1.56993 -2.60893e-06 7.35364e-05 -4.85251e-05 
1675156107257311121 -7.18345e-05 -6.93982e-05 1.56993 -2.60893e-06 7.35364e-05 -4.85251e-05 
1675156107307259318 -7.18345e-05 -6.93982e-05 1.56993 -2.60893e-06 7.35364e-05 -4.85251e-05 
1675156107357309730 -7.18345e-05 -6.93982e-05 1.56993 -2.60893e-06 7.35364e-05 -4.85251e-05 
1675156107407258007 -7.18345e-05 -6.93982e-05 1.56993 -2.60893e-06 7.35364e-05 -4.85251e-05 
1675156107457380924 -7.18345e-05 -6.93982e-05 1.56993 -2.60893e-06 7.35364e-05 -4.85251e-05 
1675156107507286331 -7.18345e-05 -6.93982e-05 1.56993 -2.60893e-06 7.35364e-05 -4.85251e-05 
1675156107557246123 -7.18345e-05 -6.93982e-05 1.56993 -2.60893e-06 7.35364e-05 -4.85251e-05 
1675156107607261246 -7.18345e-05 -6.93982e-05 1.56993 -2.60893e-06 7.35364e-05 -4.85251e-05 
1675156107657261814 -7.18345e-05 -6.93982e-05 1.56993 -2.60893e-06 7.35364e-05 -4.85251e-05 
1675156107707260986 -7.18345e-05 -6.93982e-05 1.56993 -2.60893e-06 7.35364e-05 -4.85251e-05 
1675156107757263635 -7.18345e-05 -6.93982e-05 1.56993 -2.60893e-06 7.35364e-05 -4.85251e-05 
1675156107807279859 -7.18345e-05 -6.93982e-05 1.56993 -2.60893e-06 7.35364e-05 -4.85251e-05 
1675156107857343606 -7.18345e-05 -6.93982e-05 1.56993 -2.60893e-06 7.35364e-05 -4.85251e-05 
1675156107907280157 -7.18345e-05 -6.93982e-05 1.56993 -2.60893e-06 7.35364e-05 -4.85251e-05 
1675156107957247102 -7.18345e-05 -6.93982e-05 1.56993 -2.60893e-06 7.35364e-05 -4.85251e-05 
1675156108007263574 -7.18345e-05 -6.93982e-05 1.56993 -2.60893e-06 7.35364e-05 -4.85251e-05 
1675156108057254840 -7.18345e-05 -6.93982e-05 1.56993 -2.60893e-06 7.35364e-05 -4.85251e-05 
1675156108107249535 -7.18345e-05 -6.93982e-05 1.56993 -2.60893e-06 7.35364e-05 -4.85251e-05 
1675156108157310752 -7.18345e-05 -6.93982e-05 1.56993 -2.60893e-06 7.35364e-05 -4.85251e-05 
1675156108207261085 -7.18345e-05 -6.93982e-05 1.56993 -2.60893e-06 7.35364e-05 -4.85251e-05 
1675156108257353466 -7.18345e-05 -6.93982e-05 1.56993 -2.60893e-06 7.35364e-05 -4.85251e-05 
1675156108307235780 -7.18345e-05 -6.93982e-05 1.56993 -2.60893e-06 7.35364e-05 -4.85251e-05 
1675156108357246797 -7.18345e-05 -6.93982e-05 1.56993 -2.60893e-06 7.35364e-05 -4.85251e-05 
1675156108407231762 -7.18345e-05 -6.93982e-05 1.56993 -2.60893e-06 7.35364e-05 -4.85251e-05 
1675156108457303499 -7.18345e-05 -6.93982e-05 1.56993 -2.60893e-06 7.35364e-05 -4.85251e-05 
1675156108507227221 -7.18345e-05 -6.93982e-05 1.56993 -2.60893e-06 7.35364e-05 -4.85251e-05 
1675156108557272267 -7.18345e-05 -6.93982e-05 1.56993 -2.60893e-06 7.35364e-05 -4.85251e-05 
1675156108607244734 -7.18345e-05 -6.93982e-05 1.56993 -2.60893e-06 7.35364e-05 -4.85251e-05 
1675156108657237460 -7.18345e-05 -6.93982e-05 1.56993 -2.60893e-06 7.35364e-05 -4.85251e-05 
1675156108707240620 -7.18345e-05 -6.93982e-05 1.56993 -2.60893e-06 7.35364e-05 -4.85251e-05 
1675156108757317790 -7.18345e-05 -6.93982e-05 1.56993 -2.60893e-06 7.35364e-05 -4.85251e-05 
1675156108807228007 -7.18345e-05 -6.93982e-05 1.56993 -2.60893e-06 7.35364e-05 -4.85251e-05 
1675156108857244524 -7.18345e-05 -6.93982e-05 1.56993 -2.60893e-06 7.35364e-05 -4.85251e-05 
1675156108907230741 -7.18345e-05 -6.93982e-05 1.56993 -2.60893e-06 7.35364e-05 -4.85251e-05 
1675156108957320364 -7.18345e-05 -6.93982e-05 1.56993 -2.60893e-06 7.35364e-05 -4.85251e-05 
1675156109007230311 -7.18345e-05 -6.93982e-05 1.56993 -2.60893e-06 7.35364e-05 -4.85251e-05 
1675156109057303292 -7.18345e-05 -6.93982e-05 1.56993 -2.60893e-06 7.35364e-05 -4.85251e-05 
1675156109107229299 -7.18345e-05 -6.93982e-05 1.56993 -2.60893e-06 7.35364e-05 -4.85251e-05 
1675156109157306499 -7.18345e-05 -6.93982e-05 1.56993 -2.60893e-06 7.35364e-05 -4.85251e-05 
1675156109207241227 -7.18345e-05 -6.93982e-05 1.56993 -2.60893e-06 7.35364e-05 -4.85251e-05 
1675156109257246350 -7.18345e-05 -6.93982e-05 1.56993 -2.60893e-06 7.35364e-05 -4.85251e-05 
1675156109307224271 -7.18345e-05 -6.93982e-05 1.56993 -2.60893e-06 7.35364e-05 -4.85251e-05 
1675156109357245624 -7.18345e-05 -6.93982e-05 1.56993 -2.60893e-06 7.35364e-05 -4.85251e-05 
1675156109407357888 -7.18345e-05 -6.93982e-05 1.56993 -2.60893e-06 7.35364e-05 -4.85251e-05 
1675156109457339482 -7.18345e-05 -6.93982e-05 1.56993 -2.60893e-06 7.35364e-05 -4.85251e-05 
1675156109507334291 -7.18345e-05 -6.93982e-05 1.56993 -2.60893e-06 7.35364e-05 -4.85251e-05 
1675156109557335476 -7.18345e-05 -6.93982e-05 1.56993 -2.60893e-06 7.35364e-05 -4.85251e-05 
1675156109607337067 -7.18345e-05 -6.93982e-05 1.56993 -2.60893e-06 7.35364e-05 -4.85251e-05 
1675156109657390593 -7.18345e-05 -6.93982e-05 1.56993 -2.60893e-06 7.35364e-05 -4.85251e-05 
1675156109707274591 -7.18345e-05 -6.93982e-05 1.56993 -2.60893e-06 7.35364e-05 -4.85251e-05 
1675156109757316746 -7.18345e-05 -6.93982e-05 1.56993 -2.60893e-06 7.35364e-05 -4.85251e-05 
1675156109807253858 -7.18345e-05 -6.93982e-05 1.56993 -2.60893e-06 7.35364e-05 -4.85251e-05 
1675156109857248750 -7.18345e-05 -6.93982e-05 1.56993 -2.60893e-06 7.35364e-05 -4.85251e-05 
1675156109907262380 -7.18345e-05 -6.93982e-05 1.56993 -2.60893e-06 7.35364e-05 -4.85251e-05 
1675156109957244745 -7.18345e-05 -6.93982e-05 1.56993 -2.60893e-06 7.35364e-05 -4.85251e-05 
1675156110007242605 -7.18345e-05 -6.93982e-05 1.56993 -2.60893e-06 7.35364e-05 -4.85251e-05 
1675156110057301849 -7.18345e-05 -6.93982e-05 1.56993 -2.60893e-06 7.35364e-05 -4.85251e-05 
1675156110107327797 -7.18345e-05 -6.93982e-05 1.56993 -2.60893e-06 7.35364e-05 -4.85251e-05 
1675156110157342782 -7.18345e-05 -6.93982e-05 1.56993 -2.60893e-06 7.35364e-05 -4.85251e-05 
1675156110207337021 -7.18345e-05 -6.93982e-05 1.56993 -2.60893e-06 7.35364e-05 -4.85251e-05 
1675156110257340674 -7.18345e-05 -6.93982e-05 1.56993 -2.60893e-06 7.35364e-05 -4.85251e-05 
1675156110307259687 -7.18345e-05 -6.93982e-05 1.56993 -2.60893e-06 7.35364e-05 -4.85251e-05 
1675156110357350722 -7.18345e-05 -6.93982e-05 1.56993 -2.60893e-06 7.35364e-05 -4.85251e-05 
1675156110407275167 -7.18345e-05 -6.93982e-05 1.56993 -2.60893e-06 7.35364e-05 -4.85251e-05 
1675156110457331979 -7.18345e-05 -6.93982e-05 1.56993 -2.60893e-06 7.35364e-05 -4.85251e-05 
1675156110507338909 -7.18345e-05 -6.93982e-05 1.56993 -2.60893e-06 7.35364e-05 -4.85251e-05 
1675156110557333664 -7.18345e-05 -6.93982e-05 1.56993 -2.60893e-06 7.35364e-05 -4.85251e-05 
1675156110607311573 -7.18345e-05 -6.93982e-05 1.56993 -2.60893e-06 7.35364e-05 -4.85251e-05 
1675156110657314005 -7.18345e-05 -6.93982e-05 1.56993 -2.60893e-06 7.35364e-05 -4.85251e-05 
1675156110707329024 -7.18345e-05 -6.93982e-05 1.56993 -2.60893e-06 7.35364e-05 -4.85251e-05 
1675156110757339287 -7.18345e-05 -6.93982e-05 1.56993 -2.60893e-06 7.35364e-05 -4.85251e-05 
1675156110807344876 -7.18345e-05 -6.93982e-05 1.56993 -2.60893e-06 7.35364e-05 -4.85251e-05 
1675156110857336916 -7.18345e-05 -6.93982e-05 1.56993 -2.60893e-06 7.35364e-05 -4.85251e-05 
1675156110907324610 -7.18345e-05 -6.93982e-05 1.56993 -2.60893e-06 7.35364e-05 -4.85251e-05 
1675156110957328487 -7.18345e-05 -6.93982e-05 1.56993 -2.60893e-06 7.35364e-05 -4.85251e-05 
1675156111007333152 -7.18345e-05 -6.93982e-05 1.56993 -2.60893e-06 7.35364e-05 -4.85251e-05 
1675156111057330156 -7.18345e-05 -6.93982e-05 1.56993 -2.60893e-06 7.35364e-05 -4.85251e-05 
1675156111107329806 -7.18345e-05 -6.93982e-05 1.56993 -2.60893e-06 7.35364e-05 -4.85251e-05 
1675156111157330836 -7.18345e-05 -6.93982e-05 1.56993 -2.60893e-06 7.35364e-05 -4.85251e-05 
1675156111207328709 -7.18345e-05 -6.93982e-05 1.56993 -2.60893e-06 7.35364e-05 -4.85251e-05 
1675156111257333724 -7.18345e-05 -6.93982e-05 1.56993 -2.60893e-06 7.35364e-05 -4.85251e-05 
1675156111307330719 -7.18345e-05 -6.93982e-05 1.56993 -2.60893e-06 7.35364e-05 -4.85251e-05 
1675156111357332306 -7.18345e-05 -6.93982e-05 1.56993 -2.60893e-06 7.35364e-05 -4.85251e-05 
1675156111407277640 -7.18345e-05 -6.93982e-05 1.56993 -2.60893e-06 7.35364e-05 -4.85251e-05 
1675156111457339224 -7.18345e-05 -6.93982e-05 1.56993 -2.60893e-06 7.35364e-05 -4.85251e-05 
1675156111507339310 -7.18345e-05 -6.93982e-05 1.56993 -2.60893e-06 7.35364e-05 -4.85251e-05 
