1675156022928748182 0 0 0 0 0 0 
1675156022995370650 0 0 0 0 0 0 
1675156023061983819 0 0 0 0 0 0 
1675156023128728094 0 0 0 0 0 0 
1675156023195361766 0 0 0 0 0 0 
1675156023262284398 0 0 0 0 0 0 
1675156023328756683 0 0 0 0 0 0 
1675156023395585287 -0.467931 0.337776 0.235987 -0.573677 0.46803 2.3291e-05 
1675156023462031608 -0.467931 0.337776 0.235987 -0.573677 0.46803 2.3291e-05 
1675156023528666012 -0.467931 0.337776 0.235987 -0.573677 0.46803 2.3291e-05 
1675156023595405462 -0.467931 0.337776 0.235987 -0.573677 0.46803 2.3291e-05 
1675156023662085298 -0.467931 0.337776 0.235987 -0.573677 0.46803 2.3291e-05 
1675156023728668812 -0.467931 0.337776 0.235987 -0.573677 0.46803 2.3291e-05 
1675156023795405640 -0.467931 0.337776 0.235987 -0.573677 0.46803 2.3291e-05 
1675156023862071632 -0.467931 0.337776 0.235987 -0.573677 0.46803 2.3291e-05 
1675156023928736641 -0.467931 0.337776 0.235987 -0.573677 0.46803 2.3291e-05 
1675156023995403508 -0.467931 0.337776 0.235987 -0.573677 0.46803 2.3291e-05 
1675156024062067894 -0.467931 0.337776 0.235987 -0.573677 0.46803 2.3291e-05 
1675156024128742471 -0.467931 0.337776 0.235987 -0.573677 0.46803 2.3291e-05 
1675156024195399020 -0.467931 0.337776 0.235987 -0.573677 0.46803 2.3291e-05 
1675156024262072870 -0.467931 0.337776 0.235987 -0.573677 0.46803 2.3291e-05 
1675156024328733346 -0.467931 0.337776 0.235987 -0.573677 0.46803 2.3291e-05 
1675156024395402062 -0.467931 0.337776 0.235987 -0.573677 0.46803 2.3291e-05 
1675156024462066855 -0.467931 0.337776 0.235987 -0.573677 0.46803 2.3291e-05 
1675156024528740115 -0.467931 0.337776 0.235987 -0.573677 0.46803 2.3291e-05 
1675156024595400900 -0.467931 0.337776 0.235987 -0.573677 0.46803 2.3291e-05 
1675156024662094711 -0.467931 0.337776 0.235987 -0.573677 0.46803 2.3291e-05 
1675156024728667596 -0.467931 0.337776 0.235987 -0.573677 0.46803 2.3291e-05 
1675156024795287077 -0.467931 0.337776 0.235987 -0.573677 0.46803 2.3291e-05 
1675156024862089254 -0.467931 0.337776 0.235987 -0.573677 0.46803 2.3291e-05 
1675156024928741961 -0.467931 0.337776 0.235987 -0.573677 0.46803 2.3291e-05 
1675156024995400588 -0.467931 0.337776 0.235987 -0.573677 0.46803 2.3291e-05 
1675156025062074207 -0.467931 0.337776 0.235987 -0.573677 0.46803 2.3291e-05 
1675156025128738615 -0.467931 0.337776 0.235987 -0.573677 0.46803 2.3291e-05 
1675156025195397581 -0.467931 0.337776 0.235987 -0.573677 0.46803 2.3291e-05 
1675156025262017786 -0.467931 0.337776 0.235987 -0.573677 0.46803 2.3291e-05 
1675156025328738723 -0.467931 0.337776 0.235987 -0.573677 0.46803 2.3291e-05 
1675156025395401874 -0.467931 0.337776 0.235987 -0.573677 0.46803 2.3291e-05 
1675156025462077193 -0.467931 0.337776 0.235987 -0.573677 0.46803 2.3291e-05 
1675156025528740127 -0.467931 0.337776 0.235987 -0.573677 0.46803 2.3291e-05 
1675156025595403352 -0.467931 0.337776 0.235987 -0.573677 0.46803 2.3291e-05 
1675156025662068117 -0.467931 0.337776 0.235987 -0.573677 0.46803 2.3291e-05 
1675156025728728926 -0.467931 0.337776 0.235987 -0.573677 0.46803 2.3291e-05 
1675156025795410423 -0.467931 0.337776 0.235987 -0.573677 0.46803 2.3291e-05 
1675156025862065187 -0.467931 0.337776 0.235987 -0.573677 0.46803 2.3291e-05 
1675156025928695612 -0.467931 0.337776 0.235987 -0.573677 0.46803 2.3291e-05 
1675156025995396181 -0.467931 0.337776 0.235987 -0.573677 0.46803 2.3291e-05 
1675156026062062298 -0.467931 0.337776 0.235987 -0.573677 0.46803 2.3291e-05 
1675156026128726357 -0.467931 0.337776 0.235987 -0.573677 0.46803 2.3291e-05 
1675156026195396735 -0.467931 0.337776 0.235987 -0.573677 0.46803 2.3291e-05 
1675156026262068755 -0.467931 0.337776 0.235987 -0.573677 0.46803 2.3291e-05 
1675156026328796654 -0.467931 0.337776 0.235987 -0.573677 0.46803 2.3291e-05 
1675156026395343686 -0.467931 0.337776 0.235987 -0.573677 0.46803 2.3291e-05 
1675156026461998552 -0.467931 0.337776 0.235987 -0.573677 0.46803 2.3291e-05 
1675156026528656687 -0.467931 0.337776 0.235987 -0.573677 0.46803 2.3291e-05 
1675156026595397801 -0.467931 0.337776 0.235987 -0.573677 0.46803 2.3291e-05 
1675156026661993161 -0.467931 0.337776 0.235987 -0.573677 0.46803 2.3291e-05 
1675156026728639725 -0.467931 0.337776 0.235987 -0.573677 0.46803 2.3291e-05 
1675156026795286773 -0.467931 0.337776 0.235987 -0.573677 0.46803 2.3291e-05 
1675156026861958033 -0.467931 0.337776 0.235987 -0.573677 0.46803 2.3291e-05 
1675156026928637505 -0.467931 0.337776 0.235987 -0.573677 0.46803 2.3291e-05 
1675156026995396390 -0.467931 0.337776 0.235987 -0.573677 0.46803 2.3291e-05 
1675156027062044605 -0.467931 0.337776 0.235987 -0.573677 0.46803 2.3291e-05 
1675156027128721479 -0.467931 0.337776 0.235987 -0.573677 0.46803 2.3291e-05 
1675156027195398034 -0.467931 0.337776 0.235987 -0.573677 0.46803 2.3291e-05 
1675156027262068383 -0.467931 0.337776 0.235987 -0.573677 0.46803 2.3291e-05 
1675156027328737027 -0.467931 0.337776 0.235987 -0.573677 0.46803 2.3291e-05 
1675156027395403318 -0.467931 0.337776 0.235987 -0.573677 0.46803 2.3291e-05 
1675156027462069064 -0.467931 0.337776 0.235987 -0.573677 0.46803 2.3291e-05 
1675156027528736584 -0.467931 0.337776 0.235987 -0.573677 0.46803 2.3291e-05 
1675156027595399650 -0.467931 0.337776 0.235987 -0.573677 0.46803 2.3291e-05 
1675156027662069609 -0.467931 0.337776 0.235987 -0.573677 0.46803 2.3291e-05 
1675156027728733897 -0.467931 0.337776 0.235987 -0.573677 0.46803 2.3291e-05 
1675156027795403124 -0.467931 0.337776 0.235987 -0.573677 0.46803 2.3291e-05 
1675156027862067043 -0.467931 0.337776 0.235987 -0.573677 0.46803 2.3291e-05 
1675156027928738203 -0.467931 0.337776 0.235987 -0.573677 0.46803 2.3291e-05 
1675156027995419511 -0.467931 0.337776 0.235987 -0.573677 0.46803 2.3291e-05 
1675156028062069104 -0.467931 0.337776 0.235987 -0.573677 0.46803 2.3291e-05 
1675156028128733936 -0.467931 0.337776 0.235987 -0.573677 0.46803 2.3291e-05 
1675156028195407296 -0.467931 0.337776 0.235987 -0.573677 0.46803 2.3291e-05 
1675156028262069141 -0.467931 0.337776 0.235987 -0.573677 0.46803 2.3291e-05 
1675156028328734399 -0.467931 0.337776 0.235987 -0.573677 0.46803 2.3291e-05 
1675156028395403863 -0.467931 0.337776 0.235987 -0.573677 0.46803 2.3291e-05 
1675156028462069316 -0.467931 0.337776 0.235987 -0.573677 0.46803 2.3291e-05 
1675156028528733372 -0.467931 0.337776 0.235987 -0.573677 0.46803 2.3291e-05 
1675156028595407004 -0.467931 0.337776 0.235987 -0.573677 0.46803 2.3291e-05 
1675156028662070548 -0.467931 0.337776 0.235987 -0.573677 0.46803 2.3291e-05 
1675156028728733951 -0.467931 0.337776 0.235987 -0.573677 0.46803 2.3291e-05 
1675156028795408274 -0.467931 0.337776 0.235987 -0.573677 0.46803 2.3291e-05 
1675156028862067994 -0.467931 0.337776 0.235987 -0.573677 0.46803 2.3291e-05 
1675156028928735304 -0.467931 0.337776 0.235987 -0.573677 0.46803 2.3291e-05 
1675156028995403034 -0.467931 0.337776 0.235987 -0.573677 0.46803 2.3291e-05 
1675156029062068127 -0.467931 0.337776 0.235987 -0.573677 0.46803 2.3291e-05 
1675156029128734874 -0.467931 0.337776 0.235987 -0.573677 0.46803 2.3291e-05 
1675156029195402135 -0.467931 0.337776 0.235987 -0.573677 0.46803 2.3291e-05 
1675156029262070938 -0.467931 0.337776 0.235987 -0.573677 0.46803 2.3291e-05 
1675156029328731960 -0.467931 0.337776 0.235987 -0.573677 0.46803 2.3291e-05 
1675156029395439713 -0.467931 0.337776 0.235987 -0.573677 0.46803 2.3291e-05 
1675156029462064843 -0.467931 0.337776 0.235987 -0.573677 0.46803 2.3291e-05 
1675156029528732931 -0.467931 0.337776 0.235987 -0.573677 0.46803 2.3291e-05 
1675156029595402755 -0.467931 0.337776 0.235987 -0.573677 0.46803 2.3291e-05 
1675156029662070049 -0.467931 0.337776 0.235987 -0.573677 0.46803 2.3291e-05 
1675156029728750895 -0.467931 0.337776 0.235987 -0.573677 0.46803 2.3291e-05 
1675156029795403829 -0.467931 0.337776 0.235987 -0.573677 0.46803 2.3291e-05 
1675156029862068442 -0.467931 0.337776 0.235987 -0.573677 0.46803 2.3291e-05 
1675156029928736361 -0.467931 0.337776 0.235987 -0.573677 0.46803 2.3291e-05 
1675156029995342479 -0.467931 0.337776 0.235987 -0.573677 0.46803 2.3291e-05 
1675156030062072423 -0.467931 0.337776 0.235987 -0.573677 0.46803 2.3291e-05 
1675156030128733299 -0.467931 0.337776 0.235987 -0.573677 0.46803 2.3291e-05 
1675156030195403476 -0.467931 0.337776 0.235987 -0.573677 0.46803 2.3291e-05 
1675156030262077817 -0.467931 0.337776 0.235987 -0.573677 0.46803 2.3291e-05 
1675156030328747698 -0.467931 0.337776 0.235987 -0.573677 0.46803 2.3291e-05 
1675156030395392847 -0.467931 0.337776 0.235987 -0.573677 0.46803 2.3291e-05 
1675156030462047794 -0.467931 0.337776 0.235987 -0.573677 0.46803 2.3291e-05 
1675156030528732838 -0.467931 0.337776 0.235987 -0.573677 0.46803 2.3291e-05 
1675156030595405808 -0.467931 0.337776 0.235987 -0.573677 0.46803 2.3291e-05 
1675156030662081430 -0.467931 0.337776 0.235987 -0.573677 0.46803 2.3291e-05 
1675156030728733554 -0.467931 0.337776 0.235987 -0.573677 0.46803 2.3291e-05 
1675156030795393503 -0.467931 0.337776 0.235987 -0.573677 0.46803 2.3291e-05 
1675156030862083169 -0.467931 0.337776 0.235987 -0.573677 0.46803 2.3291e-05 
1675156030928755155 -0.467931 0.337776 0.235987 -0.573677 0.46803 2.3291e-05 
1675156030995403339 -0.467931 0.337776 0.235987 -0.573677 0.46803 2.3291e-05 
1675156031062065138 -0.467931 0.337776 0.235987 -0.573677 0.46803 2.3291e-05 
1675156031128742337 -0.467931 0.337776 0.235987 -0.573677 0.46803 2.3291e-05 
1675156031195399908 -0.467931 0.337776 0.235987 -0.573677 0.46803 2.3291e-05 
1675156031262080828 -0.467931 0.337776 0.235987 -0.573677 0.46803 2.3291e-05 
1675156031328746687 -0.467931 0.337776 0.235987 -0.573677 0.46803 2.3291e-05 
1675156031395407895 -0.467931 0.337776 0.235987 -0.573677 0.46803 2.3291e-05 
1675156031462081858 -0.467931 0.337776 0.235987 -0.573677 0.46803 2.3291e-05 
1675156031528669727 -0.467931 0.337776 0.235987 -0.573677 0.46803 2.3291e-05 
1675156031595350230 -0.467931 0.337776 0.235987 -0.573677 0.46803 2.3291e-05 
1675156031662067259 -0.467931 0.337776 0.235987 -0.573677 0.46803 2.3291e-05 
1675156031728649969 -0.467931 0.337776 0.235987 -0.573677 0.46803 2.3291e-05 
1675156031795405261 -0.467931 0.337776 0.235987 -0.573677 0.46803 2.3291e-05 
1675156031862068579 -0.467931 0.337776 0.235987 -0.573677 0.46803 2.3291e-05 
1675156031928736378 -0.467931 0.337776 0.235987 -0.573677 0.46803 2.3291e-05 
1675156031995408161 -0.467931 0.337776 0.235987 -0.573677 0.46803 2.3291e-05 
1675156032062014153 -0.467931 0.337776 0.235987 -0.573677 0.46803 2.3291e-05 
1675156032128741189 -0.467931 0.337776 0.235987 -0.573677 0.46803 2.3291e-05 
1675156032195414830 -0.467931 0.337776 0.235987 -0.573677 0.46803 2.3291e-05 
1675156032262074194 -0.467931 0.337776 0.235987 -0.573677 0.46803 2.3291e-05 
1675156032328675369 -0.467931 0.337776 0.235987 -0.573677 0.46803 2.3291e-05 
1675156032395409650 -0.467931 0.337776 0.235987 -0.573677 0.46803 2.3291e-05 
1675156032462069046 -0.467931 0.337776 0.235987 -0.573677 0.46803 2.3291e-05 
1675156032528745034 -0.467931 0.337776 0.235987 -0.573677 0.46803 2.3291e-05 
1675156032595407502 -0.467931 0.337776 0.235987 -0.573677 0.46803 2.3291e-05 
1675156032662017536 -0.467931 0.337776 0.235987 -0.573677 0.46803 2.3291e-05 
1675156032728736215 -0.467931 0.337776 0.235987 -0.573677 0.46803 2.3291e-05 
1675156032795409786 -0.467931 0.337776 0.235987 -0.573677 0.46803 2.3291e-05 
1675156032862074568 -0.467931 0.337776 0.235987 -0.573677 0.46803 2.3291e-05 
1675156032928666917 -0.467931 0.337776 0.235987 -0.573677 0.46803 2.3291e-05 
1675156032995330119 -0.467931 0.337776 0.235987 -0.573677 0.46803 2.3291e-05 
1675156033062099388 -0.467931 0.337776 0.235987 -0.573677 0.46803 2.3291e-05 
1675156033128743885 -0.467931 0.337776 0.235987 -0.573677 0.46803 2.3291e-05 
1675156033195348198 -0.467931 0.337776 0.235987 -0.573677 0.46803 2.3291e-05 
1675156033262088357 -0.467931 0.337776 0.235987 -0.573677 0.46803 2.3291e-05 
1675156033328741235 -0.467931 0.337776 0.235987 -0.573677 0.46803 2.3291e-05 
1675156033395348850 -0.467931 0.337776 0.235987 -0.573677 0.46803 2.3291e-05 
1675156033462079860 -0.467931 0.337776 0.235987 -0.573677 0.46803 2.3291e-05 
1675156033528668972 -0.467931 0.337776 0.235987 -0.573677 0.46803 2.3291e-05 
1675156033595407727 -0.467931 0.337776 0.235987 -0.573677 0.46803 2.3291e-05 
1675156033662075656 -0.467931 0.337776 0.235987 -0.573677 0.46803 2.3291e-05 
1675156033728740776 -0.467931 0.337776 0.235987 -0.573677 0.46803 2.3291e-05 
1675156033795349323 -0.467931 0.337776 0.235987 -0.573677 0.46803 2.3291e-05 
1675156033862014728 -0.467931 0.337776 0.235987 -0.573677 0.46803 2.3291e-05 
1675156033928740483 -0.467931 0.337776 0.235987 -0.573677 0.46803 2.3291e-05 
1675156033995331284 -0.467931 0.337776 0.235987 -0.573677 0.46803 2.3291e-05 
1675156034062016358 -0.467931 0.337776 0.235987 -0.573677 0.46803 2.3291e-05 
1675156034128672424 -0.467931 0.337776 0.235987 -0.573677 0.46803 2.3291e-05 
1675156034195406042 -0.467931 0.337776 0.235987 -0.573677 0.46803 2.3291e-05 
1675156034262003946 -0.467931 0.337776 0.235987 -0.573677 0.46803 2.3291e-05 
1675156034328682972 -0.467931 0.337776 0.235987 -0.573677 0.46803 2.3291e-05 
1675156034395400617 -0.467931 0.337776 0.235987 -0.573677 0.46803 2.3291e-05 
1675156034462011836 -0.467931 0.337776 0.235987 -0.573677 0.46803 2.3291e-05 
1675156034528683581 -0.467931 0.337776 0.235987 -0.573677 0.46803 2.3291e-05 
1675156034595414890 -0.467931 0.337776 0.235987 -0.573677 0.46803 2.3291e-05 
1675156034662072555 -0.467931 0.337776 0.235987 -0.573677 0.46803 2.3291e-05 
1675156034728675320 -0.467931 0.337776 0.235987 -0.573677 0.46803 2.3291e-05 
1675156034795397310 -0.467931 0.337776 0.235987 -0.573677 0.46803 2.3291e-05 
1675156034862070302 -0.467931 0.337776 0.235987 -0.573677 0.46803 2.3291e-05 
1675156034928684035 -0.467931 0.337776 0.235987 -0.573677 0.46803 2.3291e-05 
1675156034995330606 -0.467931 0.337776 0.235987 -0.573677 0.46803 2.3291e-05 
1675156035062018314 -0.467931 0.337776 0.235987 -0.573677 0.46803 2.3291e-05 
1675156035128748523 -0.467931 0.337776 0.235987 -0.573677 0.46803 2.3291e-05 
1675156035195404684 -0.467931 0.337776 0.235987 -0.573677 0.46803 2.3291e-05 
1675156035261998586 -0.467931 0.337776 0.235987 -0.573677 0.46803 2.3291e-05 
1675156035328729094 -0.467931 0.337776 0.235987 -0.573677 0.46803 2.3291e-05 
1675156035395339174 -0.467931 0.337776 0.235987 -0.573677 0.46803 2.3291e-05 
1675156035462075097 -0.467931 0.337776 0.235987 -0.573677 0.46803 2.3291e-05 
1675156035528739535 -0.467931 0.337776 0.235987 -0.573677 0.46803 2.3291e-05 
1675156035595399482 -0.467931 0.337776 0.235987 -0.573677 0.46803 2.3291e-05 
1675156035662017905 -0.467931 0.337776 0.235987 -0.573677 0.46803 2.3291e-05 
1675156035728746463 -0.467931 0.337776 0.235987 -0.573677 0.46803 2.3291e-05 
1675156035795404130 -0.467931 0.337776 0.235987 -0.573677 0.46803 2.3291e-05 
1675156035862024800 -0.467931 0.337776 0.235987 -0.573677 0.46803 2.3291e-05 
1675156035928673304 -0.467931 0.337776 0.235987 -0.573677 0.46803 2.3291e-05 
1675156035995398442 -0.467931 0.337776 0.235987 -0.573677 0.46803 2.3291e-05 
1675156036062077494 -0.467931 0.337776 0.235987 -0.573677 0.46803 2.3291e-05 
1675156036128742758 -0.467931 0.337776 0.235987 -0.573677 0.46803 2.3291e-05 
1675156036195405203 -0.467931 0.337776 0.235987 -0.573677 0.46803 2.3291e-05 
1675156036262011358 -0.467931 0.337776 0.235987 -0.573677 0.46803 2.3291e-05 
1675156036328735767 -0.467931 0.337776 0.235987 -0.573677 0.46803 2.3291e-05 
1675156036395401194 -0.467931 0.337776 0.235987 -0.573677 0.46803 2.3291e-05 
1675156036462071022 -0.467931 0.337776 0.235987 -0.573677 0.46803 2.3291e-05 
1675156036528673978 -0.467931 0.337776 0.235987 -0.573677 0.46803 2.3291e-05 
1675156036595399502 -0.467931 0.337776 0.235987 -0.573677 0.46803 2.3291e-05 
1675156036662065534 -0.467931 0.337776 0.235987 -0.573677 0.46803 2.3291e-05 
1675156036728738012 -0.467931 0.337776 0.235987 -0.573677 0.46803 2.3291e-05 
1675156036795399585 -0.467931 0.337776 0.235987 -0.573677 0.46803 2.3291e-05 
1675156036862014569 -0.467931 0.337776 0.235987 -0.573677 0.46803 2.3291e-05 
1675156036928737523 -0.467931 0.337776 0.235987 -0.573677 0.46803 2.3291e-05 
1675156036995405908 -0.467931 0.337776 0.235987 -0.573677 0.46803 2.3291e-05 
1675156037062093998 -0.467931 0.337776 0.235987 -0.573677 0.46803 2.3291e-05 
1675156037128675708 -0.467931 0.337776 0.235987 -0.573677 0.46803 2.3291e-05 
1675156037195469628 -0.467931 0.337776 0.235987 -0.573677 0.46803 2.3291e-05 
1675156037262069365 -0.467931 0.337776 0.235987 -0.573677 0.46803 2.3291e-05 
1675156037328740428 -0.467931 0.337776 0.235987 -0.573677 0.46803 2.3291e-05 
1675156037395413694 -0.467931 0.337776 0.235987 -0.573677 0.46803 2.3291e-05 
1675156037462013251 -0.467931 0.337776 0.235987 -0.573677 0.46803 2.3291e-05 
1675156037528743506 -0.467931 0.337776 0.235987 -0.573677 0.46803 2.3291e-05 
1675156037595402616 -0.467931 0.337776 0.235987 -0.573677 0.46803 2.3291e-05 
1675156037662015564 -0.467931 0.337776 0.235987 -0.573677 0.46803 2.3291e-05 
1675156037728739453 -0.467931 0.337776 0.235987 -0.573677 0.46803 2.3291e-05 
1675156037795400138 -0.467931 0.337776 0.235987 -0.573677 0.46803 2.3291e-05 
1675156037862074729 -0.467931 0.337776 0.235987 -0.573677 0.46803 2.3291e-05 
1675156037928735137 -0.467931 0.337776 0.235987 -0.573677 0.46803 2.3291e-05 
1675156037995412300 -0.467931 0.337776 0.235987 -0.573677 0.46803 2.3291e-05 
1675156038062073094 -0.467931 0.337776 0.235987 -0.573677 0.46803 2.3291e-05 
1675156038128742966 -0.467931 0.337776 0.235987 -0.573677 0.46803 2.3291e-05 
1675156038195409064 -0.467931 0.337776 0.235987 -0.573677 0.46803 2.3291e-05 
1675156038262004973 -0.467931 0.337776 0.235987 -0.573677 0.46803 2.3291e-05 
1675156038328735631 -0.467931 0.337776 0.235987 -0.573677 0.46803 2.3291e-05 
1675156038395406288 -0.467931 0.337776 0.235987 -0.573677 0.46803 2.3291e-05 
1675156038462015583 -0.467931 0.337776 0.235987 -0.573677 0.46803 2.3291e-05 
1675156038528732593 -0.467931 0.337776 0.235987 -0.573677 0.46803 2.3291e-05 
1675156038595398300 -0.467931 0.337776 0.235987 -0.573677 0.46803 2.3291e-05 
1675156038662018040 -0.467931 0.337776 0.235987 -0.573677 0.46803 2.3291e-05 
1675156038728684031 -0.467931 0.337776 0.235987 -0.573677 0.46803 2.3291e-05 
1675156038795407916 -0.467931 0.337776 0.235987 -0.573677 0.46803 2.3291e-05 
1675156038862010477 -0.467931 0.337776 0.235987 -0.573677 0.46803 2.3291e-05 
1675156038928682788 -0.467931 0.337776 0.235987 -0.573677 0.46803 2.3291e-05 
1675156038995405885 -0.467931 0.337776 0.235987 -0.573677 0.46803 2.3291e-05 
1675156039062015079 -0.467931 0.337776 0.235987 -0.573677 0.46803 2.3291e-05 
1675156039128689067 -0.467931 0.337776 0.235987 -0.573677 0.46803 2.3291e-05 
1675156039195408753 -0.467931 0.337776 0.235987 -0.573677 0.46803 2.3291e-05 
1675156039262027196 -0.467931 0.337776 0.235987 -0.573677 0.46803 2.3291e-05 
1675156039328685286 -0.467931 0.337776 0.235987 -0.573677 0.46803 2.3291e-05 
1675156039395400492 -0.467931 0.337776 0.235987 -0.573677 0.46803 2.3291e-05 
1675156039462095596 -0.467931 0.337776 0.235987 -0.573677 0.46803 2.3291e-05 
1675156039528740853 -0.467931 0.337776 0.235987 -0.573677 0.46803 2.3291e-05 
1675156039595399613 -0.467931 0.337776 0.235987 -0.573677 0.46803 2.3291e-05 
1675156039662102701 -0.467931 0.337776 0.235987 -0.573677 0.46803 2.3291e-05 
1675156039728733503 -0.467931 0.337776 0.235987 -0.573677 0.46803 2.3291e-05 
1675156039795402517 -0.467931 0.337776 0.235987 -0.573677 0.46803 2.3291e-05 
1675156039862004213 -0.467931 0.337776 0.235987 -0.573677 0.46803 2.3291e-05 
1675156039928674321 -0.467931 0.337776 0.235987 -0.573677 0.46803 2.3291e-05 
1675156039995400605 -0.467931 0.337776 0.235987 -0.573677 0.46803 2.3291e-05 
1675156040062079188 -0.467931 0.337776 0.235987 -0.573677 0.46803 2.3291e-05 
1675156040128734290 -0.467931 0.337776 0.235987 -0.573677 0.46803 2.3291e-05 
1675156040195410681 -0.467931 0.337776 0.235987 -0.573677 0.46803 2.3291e-05 
1675156040262119995 -0.467931 0.337776 0.235987 -0.573677 0.46803 2.3291e-05 
1675156040328743257 -0.467931 0.337776 0.235987 -0.573677 0.46803 2.3291e-05 
1675156040395347336 -0.467931 0.337776 0.235987 -0.573677 0.46803 2.3291e-05 
1675156040462040848 -0.467931 0.337776 0.235987 -0.573677 0.46803 2.3291e-05 
1675156040528740921 -0.467931 0.337776 0.235987 -0.573677 0.46803 2.3291e-05 
1675156040595344904 -0.467931 0.337776 0.235987 -0.573677 0.46803 2.3291e-05 
1675156040662040150 -0.467931 0.337776 0.235987 -0.573677 0.46803 2.3291e-05 
1675156040728740567 -0.467931 0.337776 0.235987 -0.573677 0.46803 2.3291e-05 
1675156040795346858 -0.467931 0.337776 0.235987 -0.573677 0.46803 2.3291e-05 
1675156040862105825 -0.467931 0.337776 0.235987 -0.573677 0.46803 2.3291e-05 
1675156040928738055 -0.467931 0.337776 0.235987 -0.573677 0.46803 2.3291e-05 
1675156040995403030 -0.467931 0.337776 0.235987 -0.573677 0.46803 2.3291e-05 
1675156041062074113 -0.467931 0.337776 0.235987 -0.573677 0.46803 2.3291e-05 
1675156041128777442 -0.467931 0.337776 0.235987 -0.573677 0.46803 2.3291e-05 
1675156041195355595 -0.467931 0.337776 0.235987 -0.573677 0.46803 2.3291e-05 
1675156041262054906 -0.467931 0.337776 0.235987 -0.573677 0.46803 2.3291e-05 
1675156041328739012 -0.467931 0.337776 0.235987 -0.573677 0.46803 2.3291e-05 
1675156041395335296 -0.467931 0.337776 0.235987 -0.573677 0.46803 2.3291e-05 
1675156041462000951 -0.467931 0.337776 0.235987 -0.573677 0.46803 2.3291e-05 
1675156041528643077 -0.467931 0.337776 0.235987 -0.573677 0.46803 2.3291e-05 
1675156041595409423 -0.467931 0.337776 0.235987 -0.573677 0.46803 2.3291e-05 
1675156041662067267 -0.467931 0.337776 0.235987 -0.573677 0.46803 2.3291e-05 
1675156041728744085 -0.467931 0.337776 0.235987 -0.573677 0.46803 2.3291e-05 
1675156041795342637 -0.467931 0.337776 0.235987 -0.573677 0.46803 2.3291e-05 
1675156041862041791 -0.467931 0.337776 0.235987 -0.573677 0.46803 2.3291e-05 
1675156041928657980 -0.467931 0.337776 0.235987 -0.573677 0.46803 2.3291e-05 
1675156041995403483 -0.467931 0.337776 0.235987 -0.573677 0.46803 2.3291e-05 
1675156042062071722 -0.467931 0.337776 0.235987 -0.573677 0.46803 2.3291e-05 
1675156042128743061 -0.467931 0.337776 0.235987 -0.573677 0.46803 2.3291e-05 
1675156042195412212 -0.467931 0.337776 0.235987 -0.573677 0.46803 2.3291e-05 
1675156042262102411 -0.467931 0.337776 0.235987 -0.573677 0.46803 2.3291e-05 
1675156042328743019 -0.467931 0.337776 0.235987 -0.573677 0.46803 2.3291e-05 
1675156042395408952 -0.467931 0.337776 0.235987 -0.573677 0.46803 2.3291e-05 
1675156042462076320 -0.467931 0.337776 0.235987 -0.573677 0.46803 2.3291e-05 
1675156042528742377 -0.467931 0.337776 0.235987 -0.573677 0.46803 2.3291e-05 
1675156042595340634 -0.467931 0.337776 0.235987 -0.573677 0.46803 2.3291e-05 
1675156042662005098 -0.467931 0.337776 0.235987 -0.573677 0.46803 2.3291e-05 
1675156042728748965 -0.467931 0.337776 0.235987 -0.57367 0.46803 3.10672e-05 
1675156042795350837 -0.468688 0.337488 0.238127 -0.575522 0.469548 3.0827e-05 
1675156042862000326 -0.471074 0.336581 0.244874 -0.581364 0.474336 3.00695e-05 
1675156042928653924 -0.475001 0.335087 0.255983 -0.59098 0.482218 2.88227e-05 
1675156042995326303 -0.480501 0.332996 0.271537 -0.604446 0.493256 2.70766e-05 
1675156043061995759 -0.487573 0.330307 0.291537 -0.62176 0.507447 2.48317e-05 
1675156043128653555 -0.496215 0.32702 0.315979 -0.64292 0.52479 2.20881e-05 
1675156043195421718 -0.506444 0.32313 0.344909 -0.667965 0.545318 1.88406e-05 
1675156043262087237 -0.518231 0.318648 0.378245 -0.696825 0.568972 1.50986e-05 
1675156043328751120 -0.53159 0.313568 0.416027 -0.729533 0.595781 1.08576e-05 
1675156043395417262 -0.54652 0.307891 0.458253 -0.766088 0.625742 6.11776e-06 
1675156043462086617 -0.563023 0.301615 0.504925 -0.806493 0.65886 8.78748e-07 
1675156043528768263 -0.581101 0.294741 0.556054 -0.850756 0.695139 -4.8604e-06 
1675156043595420646 -0.600742 0.287272 0.611602 -0.898845 0.734554 -1.10957e-05 
1675156043662089409 -0.621803 0.279263 0.671167 -0.950411 0.776819 -1.77819e-05 
1675156043728746760 -0.642139 0.27153 0.728681 -1.0002 0.81763 -2.42379e-05 
1675156043795421785 -0.660882 0.264402 0.781692 -1.04609 0.855244 -3.01884e-05 
1675156043862095686 -0.678053 0.257872 0.830255 -1.08814 0.889703 -3.56396e-05 
1675156043928751418 -0.69365 0.251942 0.874365 -1.12632 0.921002 -4.05909e-05 
1675156043995419935 -0.707676 0.246608 0.914034 -1.16066 0.94915 -4.50438e-05 
1675156044062148075 -0.720142 0.241867 0.94929 -1.19119 0.974166 -4.90013e-05 
1675156044128749544 -0.731015 0.237732 0.980042 -1.21781 0.995987 -5.24532e-05 
1675156044195419650 -0.740328 0.234191 1.00638 -1.24061 1.01468 -5.54097e-05 
1675156044262087290 -0.748068 0.231248 1.02827 -1.25956 1.03021 -5.78671e-05 
1675156044328691901 -0.754233 0.228903 1.04571 -1.27466 1.04258 -5.98242e-05 
1675156044395432087 -0.758837 0.227153 1.05873 -1.28593 1.05182 -6.12856e-05 
1675156044462098126 -0.761863 0.226002 1.06729 -1.29334 1.05789 -6.22463e-05 
1675156044528754753 -0.763317 0.225449 1.0714 -1.2969 1.06081 -6.27081e-05 
1675156044595421703 -0.76346 0.225395 1.0718 -1.29725 1.0611 -6.27534e-05 
1675156044662030467 -0.76346 0.225395 1.0718 -1.29725 1.0611 -6.27534e-05 
1675156044728821432 -0.76346 0.225395 1.0718 -1.29725 1.0611 -6.27534e-05 
1675156044795417655 -0.76346 0.225395 1.0718 -1.29725 1.0611 -6.27534e-05 
1675156044862079850 -0.76346 0.225395 1.0718 -1.29725 1.0611 -6.27534e-05 
1675156044928677739 -0.76346 0.225395 1.0718 -1.29725 1.0611 -6.27534e-05 
1675156044995415008 -0.76346 0.225395 1.0718 -1.29725 1.0611 -6.27534e-05 
1675156045062078573 -0.76346 0.225395 1.0718 -1.29725 1.0611 -6.27534e-05 
1675156045128748728 -0.76346 0.225395 1.0718 -1.29725 1.0611 -6.27534e-05 
1675156045195411982 -0.76346 0.225395 1.0718 -1.29725 1.0611 -6.27534e-05 
1675156045262024360 -0.76346 0.225395 1.0718 -1.29725 1.0611 -6.27534e-05 
1675156045328739219 -0.76346 0.225395 1.0718 -1.29725 1.0611 -6.27534e-05 
1675156045395428055 -0.76346 0.225395 1.0718 -1.29725 1.0611 -6.27534e-05 
1675156045462084412 -0.76346 0.225395 1.0718 -1.29725 1.0611 -6.27534e-05 
1675156045528683241 -0.76346 0.225395 1.0718 -1.29725 1.0611 -6.27534e-05 
1675156045595408500 -0.76346 0.225395 1.0718 -1.29725 1.0611 -6.27534e-05 
1675156045662082408 -0.76346 0.225395 1.0718 -1.29725 1.0611 -6.27534e-05 
1675156045728747154 -0.76346 0.225395 1.0718 -1.29725 1.0611 -6.27534e-05 
1675156045795411860 -0.76346 0.225395 1.0718 -1.29725 1.0611 -6.27534e-05 
1675156045862022306 -0.76346 0.225395 1.0718 -1.29725 1.0611 -6.27534e-05 
1675156045928748095 -0.76346 0.225395 1.0718 -1.29725 1.0611 -6.27534e-05 
1675156045995419769 -0.76346 0.225395 1.0718 -1.29725 1.0611 -6.27534e-05 
1675156046062083700 -0.76346 0.225395 1.0718 -1.29725 1.0611 -6.27534e-05 
1675156046128680740 -0.76346 0.225395 1.0718 -1.29725 1.0611 -6.27534e-05 
1675156046195415951 -0.76346 0.225395 1.0718 -1.29725 1.0611 -6.27534e-05 
1675156046262076007 -0.76346 0.225395 1.0718 -1.29725 1.0611 -6.27534e-05 
1675156046328750228 -0.76346 0.225395 1.0718 -1.29725 1.0611 -6.27534e-05 
1675156046395416021 -0.76346 0.225395 1.0718 -1.29725 1.0611 -6.27534e-05 
1675156046462024983 -0.76346 0.225395 1.0718 -1.29725 1.0611 -6.27534e-05 
1675156046528740769 -0.76346 0.225395 1.0718 -1.29725 1.0611 -6.27534e-05 
1675156046595418620 -0.76346 0.225395 1.0718 -1.29725 1.0611 -6.27534e-05 
1675156046662074026 -0.76346 0.225395 1.0718 -1.29725 1.0611 -6.27534e-05 
1675156046728680712 -0.76346 0.225395 1.0718 -1.29725 1.0611 -6.27534e-05 
1675156046795413051 -0.76346 0.225395 1.0718 -1.29725 1.0611 -6.27534e-05 
1675156046862078051 -0.76346 0.225395 1.0718 -1.29725 1.0611 -6.27534e-05 
1675156046928682061 -0.76346 0.225395 1.0718 -1.29725 1.0611 -6.27534e-05 
1675156046995418358 -0.76346 0.225395 1.0718 -1.29725 1.0611 -6.27534e-05 
1675156047062024630 -0.76346 0.225395 1.0718 -1.29725 1.0611 -6.27534e-05 
1675156047128742778 -0.76346 0.225395 1.0718 -1.29725 1.0611 -6.27534e-05 
1675156047195413565 -0.76346 0.225395 1.0718 -1.29725 1.0611 -6.27534e-05 
1675156047262080493 -0.76346 0.225395 1.0718 -1.29725 1.0611 -6.27534e-05 
1675156047328776564 -0.76346 0.225395 1.0718 -1.29725 1.0611 -6.27534e-05 
1675156047395413103 -0.76346 0.225395 1.0718 -1.29725 1.0611 -6.27534e-05 
1675156047462078546 -0.76346 0.225395 1.0718 -1.29725 1.0611 -6.27534e-05 
1675156047528682169 -0.76346 0.225395 1.0718 -1.29725 1.0611 -6.27534e-05 
1675156047595347393 -0.76346 0.225395 1.0718 -1.29725 1.0611 -6.27534e-05 
1675156047662023094 -0.76346 0.225395 1.0718 -1.29725 1.0611 -6.27534e-05 
1675156047728685190 -0.76346 0.225395 1.0718 -1.29725 1.0611 -6.27534e-05 
1675156047795413001 -0.76346 0.225395 1.0718 -1.29725 1.0611 -6.27534e-05 
1675156047862021498 -0.76346 0.225395 1.0718 -1.29725 1.0611 -6.27534e-05 
1675156047928678532 -0.76346 0.225395 1.0718 -1.29725 1.0611 -6.27534e-05 
1675156047995408183 -0.76346 0.225395 1.0718 -1.29725 1.0611 -6.27534e-05 
1675156048062022574 -0.76346 0.225395 1.0718 -1.29725 1.0611 -6.27534e-05 
1675156048128674337 -0.76346 0.225395 1.0718 -1.29725 1.0611 -6.27534e-05 
1675156048195414261 -0.76346 0.225395 1.0718 -1.29725 1.0611 -6.27534e-05 
1675156048262008589 -0.76346 0.225395 1.0718 -1.29725 1.0611 -6.27534e-05 
1675156048328740049 -0.76346 0.225395 1.0718 -1.29725 1.0611 -6.27534e-05 
1675156048395410867 -0.76346 0.225395 1.0718 -1.29725 1.0611 -6.27534e-05 
1675156048462075811 -0.76346 0.225395 1.0718 -1.29725 1.0611 -6.27534e-05 
1675156048528679410 -0.76346 0.225395 1.0718 -1.29725 1.0611 -6.27534e-05 
1675156048595412488 -0.76346 0.225395 1.0718 -1.29725 1.0611 -6.27534e-05 
1675156048662007190 -0.76346 0.225395 1.0718 -1.29725 1.0611 -6.27534e-05 
1675156048728790397 -0.76346 0.225395 1.0718 -1.29725 1.0611 -6.27534e-05 
1675156048795411694 -0.76346 0.225395 1.0718 -1.29725 1.0611 -6.27534e-05 
1675156048862014922 -0.76346 0.225395 1.0718 -1.29725 1.0611 -6.27534e-05 
1675156048928741030 -0.76346 0.225395 1.0718 -1.29725 1.0611 -6.27534e-05 
1675156048995416090 -0.76346 0.225395 1.0718 -1.29725 1.0611 -6.27534e-05 
1675156049062079654 -0.76346 0.225395 1.0718 -1.29725 1.0611 -6.27534e-05 
1675156049128680852 -0.76346 0.225395 1.0718 -1.29725 1.0611 -6.27534e-05 
1675156049195410970 -0.76346 0.225395 1.0718 -1.29725 1.0611 -6.27534e-05 
1675156049262075916 -0.76346 0.225395 1.0718 -1.29725 1.0611 -6.27534e-05 
1675156049328738644 -0.76346 0.225395 1.0718 -1.29725 1.0611 -6.27534e-05 
1675156049395413411 -0.76346 0.225395 1.0718 -1.29725 1.0611 -6.27534e-05 
1675156049462025545 -0.76346 0.225395 1.0718 -1.29725 1.0611 -6.27534e-05 
1675156049528743910 -0.76346 0.225395 1.0718 -1.29725 1.0611 -6.27534e-05 
1675156049595403348 -0.76346 0.225395 1.0718 -1.29725 1.0611 -6.27534e-05 
1675156049662085939 -0.76346 0.225395 1.0718 -1.29725 1.0611 -6.27534e-05 
1675156049728683467 -0.76346 0.225395 1.0718 -1.29725 1.0611 -6.27534e-05 
1675156049795414397 -0.76346 0.225395 1.0718 -1.29725 1.0611 -6.27534e-05 
1675156049862082423 -0.76346 0.225395 1.0718 -1.29725 1.0611 -6.27534e-05 
1675156049928741114 -0.76346 0.225395 1.0718 -1.29725 1.0611 -6.27534e-05 
1675156049995416896 -0.76346 0.225395 1.0718 -1.29725 1.0611 -6.27534e-05 
1675156050062083312 -0.76346 0.225395 1.0718 -1.29725 1.0611 -6.27534e-05 
1675156050128743250 -0.76346 0.225395 1.0718 -1.29725 1.0611 -6.27534e-05 
1675156050195424203 -0.76346 0.225395 1.0718 -1.29725 1.0611 -6.27534e-05 
1675156050262069839 -0.76346 0.225395 1.0718 -1.29725 1.0611 -6.27534e-05 
1675156050328741988 -0.76346 0.225395 1.0718 -1.29725 1.0611 -6.27534e-05 
1675156050395412689 -0.76346 0.225395 1.0718 -1.29725 1.0611 -6.27534e-05 
1675156050462077887 -0.76346 0.225395 1.0718 -1.29725 1.0611 -6.27534e-05 
1675156050528745250 -0.76346 0.225395 1.0718 -1.29725 1.0611 -6.27534e-05 
1675156050595425053 -0.763464 0.225385 1.07182 -1.29726 1.06111 -6.22475e-05 
1675156050662091285 -0.762204 0.225013 1.07006 -1.29512 1.05936 -6.20678e-05 
1675156050728746681 -0.758233 0.22384 1.06448 -1.28837 1.05384 -6.15011e-05 
1675156050795419236 -0.751693 0.221908 1.0553 -1.27726 1.04474 -6.05679e-05 
1675156050862141905 -0.742529 0.219202 1.04243 -1.26169 1.03201 -5.92604e-05 
1675156050928749252 -0.730766 0.215729 1.02592 -1.24171 1.01566 -5.75821e-05 
1675156050995416026 -0.71638 0.21148 1.00572 -1.21726 0.995659 -5.55294e-05 
1675156051062086250 -0.699376 0.206459 0.981843 -1.18837 0.972025 -5.31033e-05 
1675156051128750051 -0.679759 0.200666 0.9543 -1.15504 0.944757 -5.03043e-05 
1675156051195418571 -0.657524 0.1941 0.923081 -1.11726 0.91385 -4.71318e-05 
1675156051262081812 -0.632675 0.186762 0.888193 -1.07504 0.879311 -4.35863e-05 
1675156051328751785 -0.605208 0.178651 0.849628 -1.02837 0.841132 -3.96673e-05 
