1675156022928479083 0 8.01367e-43 0 0 -1.5965e+16 0 0 5.34269e-43 0 0 0 0 0 0 0 0 0 0 
1675156022995273488 0 0 0 0 0 -1.31927e+22 0 0 4.59149e-44 0 0 0 0 0 0 0 0 0 
1675156023061885097 -0.467931 -0 8.6515 0.337776 0 -52.9472 0.235987 -0 -19.7142 -0.57367 0 -2.5553 0.468022 -0 0.37168 2.3291e-05 -0 0.41814 
1675156023128602734 -0.467931 -0 8.99756 0.337776 0 -53.2932 0.235987 -0 -19.7142 -0.573677 -3.11049e-05 -2.46238 0.468022 -0 0.4646 2.3291e-05 -0 0.51106 
1675156023195273118 -0.467931 -0 8.6515 0.337776 0 -53.2932 0.235987 -0 -19.7142 -0.573677 -7.77622e-06 -2.41592 0.468022 -0 0.37168 2.3291e-05 -0 0.55752 
1675156023261954619 -0.467931 -0 8.6515 0.337776 0 -52.9472 0.235987 -0 -19.5637 -0.573677 -7.77622e-06 -2.46238 0.468022 -0 0.4646 2.3291e-05 -0 0.51106 
1675156023328612810 -0.467931 -0 8.30544 0.337776 0 -53.6393 0.235987 -0 -19.7142 -0.573677 -7.77622e-06 -2.41592 0.46803 7.77622e-06 0.37168 2.3291e-05 -0 0.4646 
1675156023395217104 -0.467931 -0 8.30544 0.337776 0 -52.6011 0.235987 -0 -19.7142 -0.573677 -7.77622e-06 -2.41592 0.46803 7.77622e-06 0.32522 2.3291e-05 -0 0.65044 
1675156023461876660 -0.467931 -0 8.99756 0.337776 0 -52.9472 0.235987 -0 -19.7142 -0.573677 -7.77622e-06 -2.41592 0.46803 7.77622e-06 0.4646 2.3291e-05 -0 0.55752 
1675156023528547329 -0.467931 -0 8.99756 0.337776 0 -52.9472 0.235987 -0 -19.5637 -0.573677 -7.77622e-06 -2.36946 0.46803 7.77622e-06 0.32522 2.3291e-05 -0 0.55752 
1675156023595282298 -0.467931 -0 8.99756 0.337776 0 -53.2932 0.235987 -0 -19.7142 -0.573677 -7.77622e-06 -2.46238 0.46803 7.77622e-06 0.32522 2.3291e-05 -0 0.55752 
1675156023661954917 -0.467931 -0 8.99756 0.337776 0 -52.9472 0.235987 -0 -19.8647 -0.573677 -7.77622e-06 -2.323 0.46803 7.77622e-06 0.32522 2.3291e-05 -0 0.55752 
1675156023728545899 -0.467931 -0 8.30544 0.337776 0 -53.2932 0.235987 -0 -19.8647 -0.573677 -7.77622e-06 -2.27654 0.46803 7.77622e-06 0.37168 2.3291e-05 -0 0.55752 
1675156023795284338 -0.467931 -0 8.99756 0.337776 0 -52.9472 0.235987 -0 -19.7142 -0.573677 -7.77622e-06 -2.27654 0.46803 7.77622e-06 0.27876 2.3291e-05 -0 0.60398 
1675156023861953787 -0.467931 -0 8.99756 0.337776 0 -52.9472 0.235987 -0 -19.7142 -0.573677 -7.77622e-06 -2.27654 0.46803 7.77622e-06 0.32522 2.3291e-05 -0 0.55752 
1675156023928617195 -0.467931 -0 8.6515 0.337776 0 -53.2932 0.235987 -0 -19.7142 -0.573677 -7.77622e-06 -2.23008 0.46803 7.77622e-06 0.2323 2.3291e-05 -0 0.4646 
1675156023995285500 -0.467931 -0 8.6515 0.337776 0 -53.6393 0.235987 -0 -19.5637 -0.573677 -7.77622e-06 -2.18362 0.46803 7.77622e-06 0.18584 2.3291e-05 -0 0.60398 
1675156024061949030 -0.467931 -0 8.30544 0.337776 0 -52.9472 0.235987 -0 -19.7142 -0.573677 -7.77622e-06 -2.23008 0.46803 7.77622e-06 0.27876 2.3291e-05 -0 0.60398 
1675156024128623924 -0.467931 -0 9.34362 0.337776 0 -53.2932 0.235987 -0 -19.5637 -0.573677 -7.77622e-06 -2.23008 0.46803 7.77622e-06 0.2323 3.10672e-05 7.77622e-06 0.74336 
1675156024195280680 -0.467931 -0 8.99756 0.337776 0 -53.6393 0.235987 -0 -19.7142 -0.573677 -7.77622e-06 -2.18362 0.46803 7.77622e-06 0.13938 3.10672e-05 7.77622e-06 0.60398 
1675156024261955162 -0.467931 -0 8.30544 0.337776 0 -53.6393 0.235987 -0 -19.5637 -0.573677 -7.77622e-06 -2.13716 0.46803 7.77622e-06 0.13938 3.10672e-05 7.77622e-06 0.51106 
1675156024328614305 -0.467931 -0 7.95938 0.337776 0 -53.2932 0.235987 -0 -19.7142 -0.573677 -7.77622e-06 -2.18362 0.46803 7.77622e-06 0.27876 3.10672e-05 7.77622e-06 0.6969 
1675156024395284295 -0.467931 -0 7.61332 0.337776 0 -53.2932 0.235987 -0 -19.7142 -0.573677 -7.77622e-06 -2.13716 0.46803 7.77622e-06 0.09292 3.10672e-05 7.77622e-06 0.51106 
1675156024461948256 -0.467931 -0 8.6515 0.337776 0 -53.2932 0.235987 -0 -19.7142 -0.573677 -7.77622e-06 -2.04424 0.46803 7.77622e-06 0.13938 3.10672e-05 7.77622e-06 0.55752 
1675156024528619051 -0.467931 -0 8.6515 0.337776 0 -53.2932 0.235987 -0 -19.7142 -0.573677 -7.77622e-06 -2.04424 0.46803 7.77622e-06 0.09292 3.10672e-05 7.77622e-06 0.51106 
1675156024595281770 -0.467931 -0 8.30544 0.337776 0 -53.6393 0.235987 -0 -19.7142 -0.573677 -7.77622e-06 -2.13716 0.46803 7.77622e-06 0.09292 3.10672e-05 7.77622e-06 0.51106 
1675156024661974586 -0.467931 -0 8.6515 0.337776 0 -52.9472 0.235987 -0 -19.7142 -0.573677 -7.77622e-06 -1.99778 0.46803 7.77622e-06 0.09292 3.10672e-05 7.77622e-06 0.37168 
1675156024728545722 -0.467931 -0 8.6515 0.337776 0 -52.9472 0.235987 -0 -19.8647 -0.573677 -7.77622e-06 -2.04424 0.46803 7.77622e-06 -0.04646 3.10672e-05 7.77622e-06 0.37168 
1675156024795210959 -0.467931 -0 8.30544 0.337776 0 -52.6011 0.235987 -0 -19.8647 -0.573677 -7.77622e-06 -2.04424 0.46803 7.77622e-06 -0 3.10672e-05 7.77622e-06 0.41814 
1675156024861966917 -0.467931 -0 8.30544 0.337776 0 -52.9472 0.235987 -0 -19.5637 -0.573677 -7.77622e-06 -1.99778 0.46803 7.77622e-06 -0 3.10672e-05 7.77622e-06 0.41814 
1675156024928620690 -0.467931 -0 8.6515 0.337776 0 -53.2932 0.235987 -0 -19.7142 -0.573677 -7.77622e-06 -1.99778 0.46803 7.77622e-06 -0 3.10672e-05 7.77622e-06 0.37168 
1675156024995281451 -0.467931 -0 8.99756 0.337776 0 -52.9472 0.235987 -0 -19.7142 -0.573677 -7.77622e-06 -1.8584 0.46803 7.77622e-06 -0 3.10672e-05 7.77622e-06 0.32522 
1675156025061952582 -0.467931 -0 8.30544 0.337776 0 -53.2932 0.235987 -0 -19.5637 -0.573677 -7.77622e-06 -1.95132 0.46803 7.77622e-06 -0.09292 3.10672e-05 7.77622e-06 0.37168 
1675156025128618281 -0.467931 -0 8.30544 0.337776 0 -52.9472 0.235987 -0 -19.5637 -0.573677 -7.77622e-06 -1.99778 0.468022 -0 -0 3.10672e-05 7.77622e-06 0.32522 
1675156025195278856 -0.467931 -0 8.99756 0.337776 0 -52.9472 0.235987 -0 -19.5637 -0.573677 -7.77622e-06 -1.8584 0.468022 -0 -0.09292 3.10672e-05 7.77622e-06 0.27876 
1675156025261896053 -0.467931 -0 7.61332 0.337776 0 -52.9472 0.235987 -0 -19.7142 -0.573677 -7.77622e-06 -1.90486 0.468022 -0 -0.04646 2.3291e-05 -0 0.32522 
1675156025328618469 -0.467931 -0 8.30544 0.337776 0 -53.2932 0.235987 -0 -19.7142 -0.573677 -7.77622e-06 -1.90486 0.468022 -0 -0.13938 2.3291e-05 -0 0.27876 
1675156025395283092 -0.467931 -0 8.6515 0.337776 0 -52.9472 0.235987 -0 -19.7142 -0.573677 -7.77622e-06 -1.76548 0.468022 -0 -0.04646 2.3291e-05 -0 0.37168 
1675156025461957099 -0.467931 -0 8.6515 0.337776 0 -53.6393 0.235987 -0 -20.0152 -0.573677 -7.77622e-06 -1.76548 0.468022 -0 0.04646 2.3291e-05 -0 0.4646 
1675156025528618022 -0.467931 -0 8.30544 0.337776 0 -53.2932 0.235987 -0 -19.7142 -0.573677 -7.77622e-06 -1.90486 0.468022 -0 -0 2.3291e-05 -0 0.4646 
1675156025595282604 -0.467931 -0 8.99756 0.337776 0 -52.9472 0.235987 -0 -19.8647 -0.573677 -7.77622e-06 -1.8584 0.468022 -0 -0.09292 2.3291e-05 -0 0.27876 
1675156025661945552 -0.467931 -0 8.30544 0.337776 0 -52.9472 0.235987 -0 -19.7142 -0.573677 -7.77622e-06 -1.67256 0.468022 -0 -0 2.3291e-05 -0 0.37168 
1675156025728611820 -0.467931 -0 9.34362 0.337776 0 -52.9472 0.235987 -0 -19.7142 -0.573677 -7.77622e-06 -1.71902 0.468022 -0 -0 2.3291e-05 -0 0.37168 
1675156025795287827 -0.467931 -0 8.6515 0.337776 0 -52.9472 0.235987 -0 -19.7142 -0.573677 -7.77622e-06 -1.76548 0.468022 -0 -0 2.3291e-05 -0 0.4646 
1675156025861948979 -0.467931 -0 8.6515 0.337776 0 -53.2932 0.235987 -0 -19.7142 -0.573677 -7.77622e-06 -1.71902 0.468022 -0 -0 2.3291e-05 -0 0.37168 
1675156025928576438 -0.467931 -0 8.6515 0.337776 0 -53.2932 0.235987 -0 -19.7142 -0.57367 0 -1.67256 0.468022 -0 0.18584 2.3291e-05 -0 0.41814 
1675156025995276796 -0.467931 -0 8.99756 0.337776 0 -53.6393 0.235987 -0 -19.7142 -0.57367 0 -1.76548 0.468022 -0 -0 2.3291e-05 -0 0.32522 
1675156026061940969 -0.467931 -0 8.99756 0.337776 0 -53.6393 0.235987 -0 -19.7142 -0.57367 0 -1.81194 0.468022 -0 0.04646 2.3291e-05 -0 0.41814 
1675156026128606770 -0.467931 -0 7.95938 0.337776 0 -53.2932 0.235987 -0 -19.8647 -0.57367 0 -1.81194 0.468022 -0 -0 2.3291e-05 -0 0.32522 
1675156026195276721 -0.467931 -0 8.99756 0.337776 0 -53.6393 0.235987 -0 -19.7142 -0.57367 0 -1.81194 0.468022 -0 0.09292 2.3291e-05 -0 0.41814 
1675156026261943162 -0.467931 -0 8.6515 0.337776 0 -53.6393 0.235987 -0 -19.7142 -0.57367 0 -1.81194 0.468022 -0 0.13938 2.3291e-05 -0 0.41814 
1675156026328606177 -0.467931 -0 8.6515 0.337776 0 -52.2551 0.235987 -0 -19.7142 -0.57367 0 -1.76548 0.468022 -0 0.09292 2.3291e-05 -0 0.41814 
1675156026395221735 -0.467931 -0 8.99756 0.337776 0 -53.2932 0.235987 -0 -19.7142 -0.57367 0 -1.81194 0.468022 -0 0.13938 2.3291e-05 -0 0.4646 
1675156026461876981 -0.467931 -0 8.99756 0.337776 0 -52.2551 0.235987 -0 -19.7142 -0.57367 0 -1.8584 0.468022 -0 0.09292 2.3291e-05 -0 0.60398 
1675156026528547334 -0.467931 -0 8.6515 0.337776 0 -52.9472 0.235987 -0 -19.7142 -0.57367 0 -1.8584 0.468022 -0 0.04646 2.3291e-05 -0 0.4646 
1675156026595274819 -0.467931 -0 8.30544 0.337776 0 -52.2551 0.235987 -0 -19.7142 -0.57367 0 -1.71902 0.468022 -0 -0 2.3291e-05 -0 0.4646 
1675156026661878476 -0.467931 -0 8.99756 0.337776 0 -52.6011 0.235987 -0 -19.8647 -0.57367 0 -1.90486 0.468022 -0 0.09292 2.3291e-05 -0 0.55752 
1675156026728544131 -0.467931 -0 8.30544 0.337776 0 -52.9472 0.235987 -0 -19.7142 -0.57367 0 -1.8584 0.468022 -0 0.13938 2.3291e-05 -0 0.41814 
1675156026795209162 -0.467931 -0 8.6515 0.337776 0 -52.9472 0.235987 -0 -19.8647 -0.57367 0 -1.8584 0.468022 -0 0.13938 2.3291e-05 -0 0.4646 
1675156026861875877 -0.467931 -0 7.95938 0.337776 0 -52.9472 0.235987 -0 -19.7142 -0.57367 0 -1.90486 0.468022 -0 0.13938 2.3291e-05 -0 0.37168 
1675156026928543259 -0.467931 -0 8.6515 0.337776 0 -53.2932 0.235987 -0 -19.8647 -0.57367 0 -1.81194 0.468022 -0 0.18584 2.3291e-05 -0 0.55752 
1675156026995272882 -0.467931 -0 8.6515 0.337776 0 -53.2932 0.235987 -0 -19.7142 -0.57367 0 -1.90486 0.468022 -0 0.13938 2.3291e-05 -0 0.55752 
1675156027061938962 -0.467931 -0 8.6515 0.337776 0 -53.2932 0.235987 -0 -19.7142 -0.57367 0 -1.90486 0.468022 -0 0.13938 2.3291e-05 -0 0.60398 
1675156027128610441 -0.467931 -0 8.6515 0.337776 0 -53.2932 0.235987 -0 -19.7142 -0.57367 0 -1.95132 0.468022 -0 0.2323 2.3291e-05 -0 0.51106 
1675156027195280315 -0.467931 -0 8.30544 0.337776 0 -53.2932 0.235987 -0 -19.7142 -0.57367 0 -1.90486 0.468022 -0 0.18584 2.3291e-05 -0 0.55752 
1675156027261949112 -0.467931 -0 8.99756 0.337776 0 -52.9472 0.235987 -0 -19.7142 -0.57367 0 -1.8584 0.468022 -0 0.13938 2.3291e-05 -0 0.60398 
1675156027328619265 -0.467931 -0 8.6515 0.337776 0 -53.9854 0.235987 -0 -19.7142 -0.57367 0 -1.99778 0.468022 -0 0.18584 2.3291e-05 -0 0.55752 
1675156027395284679 -0.467931 -0 8.99756 0.337776 0 -52.9472 0.235987 -0 -19.7142 -0.57367 0 -1.95132 0.468022 -0 0.18584 2.3291e-05 -0 0.51106 
1675156027461950374 -0.467931 -0 8.6515 0.337776 0 -53.6393 0.235987 -0 -19.7142 -0.57367 0 -1.95132 0.468022 -0 0.18584 2.3291e-05 -0 0.65044 
1675156027528617949 -0.467931 -0 8.99756 0.337776 0 -53.6393 0.235987 -0 -19.8647 -0.57367 0 -1.8584 0.468022 -0 0.27876 2.3291e-05 -0 0.65044 
1675156027595282129 -0.467931 -0 8.30544 0.337776 0 -52.6011 0.235987 -0 -19.7142 -0.57367 0 -1.95132 0.468022 -0 0.18584 2.3291e-05 -0 0.60398 
1675156027661950681 -0.467931 -0 8.6515 0.337776 0 -53.2932 0.235987 -0 -19.7142 -0.57367 0 -1.90486 0.468022 -0 0.27876 2.3291e-05 -0 0.60398 
1675156027728615521 -0.467931 -0 8.6515 0.337776 0 -52.9472 0.235987 -0 -19.7142 -0.57367 0 -2.04424 0.468022 -0 0.2323 2.3291e-05 -0 0.51106 
1675156027795281954 -0.467931 -0 8.6515 0.337776 0 -53.2932 0.235987 -0 -19.8647 -0.57367 0 -2.04424 0.468022 -0 0.32522 2.3291e-05 -0 0.60398 
1675156027861947998 -0.467931 -0 7.95938 0.337776 0 -53.6393 0.235987 -0 -19.7142 -0.57367 0 -1.99778 0.468022 -0 0.18584 3.10672e-05 7.77622e-06 0.60398 
1675156027928616871 -0.467931 -0 8.6515 0.337776 0 -52.9472 0.235987 -0 -19.7142 -0.57367 0 -1.95132 0.468022 -0 0.18584 3.10672e-05 7.77622e-06 0.65044 
1675156027995296848 -0.467931 -0 8.30544 0.337776 0 -53.2932 0.235987 -0 -19.7142 -0.57367 0 -1.99778 0.468022 -0 0.27876 3.10672e-05 7.77622e-06 0.51106 
1675156028061949293 -0.467931 -0 8.6515 0.337776 0 -53.6393 0.235987 -0 -19.7142 -0.57367 0 -1.95132 0.468022 -0 0.32522 3.10672e-05 7.77622e-06 0.55752 
1675156028128615165 -0.467931 -0 8.6515 0.337776 0 -53.2932 0.235987 -0 -19.7142 -0.57367 0 -2.04424 0.468022 -0 0.2323 3.10672e-05 7.77622e-06 0.55752 
1675156028195284398 -0.467931 -0 8.6515 0.337776 0 -53.6393 0.235987 -0 -19.7142 -0.57367 0 -2.04424 0.468022 -0 0.37168 3.10672e-05 7.77622e-06 0.60398 
1675156028261950480 -0.467931 -0 8.6515 0.337776 0 -52.9472 0.235987 -0 -19.7142 -0.57367 0 -2.04424 0.468022 -0 0.27876 3.10672e-05 7.77622e-06 0.4646 
1675156028328615124 -0.467931 -0 7.95938 0.337776 0 -52.9472 0.235987 -0 -19.7142 -0.57367 0 -2.04424 0.468022 -0 0.2323 3.10672e-05 7.77622e-06 0.55752 
1675156028395281902 -0.467931 -0 8.6515 0.337776 0 -53.2932 0.235987 -0 -19.7142 -0.57367 0 -2.0907 0.468022 -0 0.27876 3.10672e-05 7.77622e-06 0.4646 
1675156028461949474 -0.467931 -0 8.99756 0.337776 0 -52.9472 0.235987 -0 -19.7142 -0.57367 0 -2.04424 0.468022 -0 0.32522 3.10672e-05 7.77622e-06 0.41814 
1675156028528614048 -0.467931 -0 8.99756 0.337776 0 -52.6011 0.235987 -0 -19.8647 -0.57367 0 -2.0907 0.468022 -0 0.37168 3.10672e-05 7.77622e-06 0.37168 
1675156028595284980 -0.467931 -0 9.34362 0.337776 0 -53.6393 0.235987 -0 -19.5637 -0.57367 0 -2.0907 0.468022 -0 0.32522 3.10672e-05 7.77622e-06 0.4646 
1675156028661952165 -0.467931 -0 8.99756 0.337776 0 -53.6393 0.235987 -0 -19.7142 -0.57367 0 -2.04424 0.468022 -0 0.32522 3.10672e-05 7.77622e-06 0.4646 
1675156028728615626 -0.467931 -0 9.34362 0.337776 0 -52.9472 0.235987 -0 -19.7142 -0.57367 0 -2.04424 0.468022 -0 0.27876 3.10672e-05 7.77622e-06 0.32522 
1675156028795283007 -0.467931 -0 8.30544 0.337776 0 -53.2932 0.235987 -0 -19.7142 -0.57367 0 -2.18362 0.468022 -0 0.41814 3.10672e-05 7.77622e-06 0.32522 
1675156028861949193 -0.467931 -0 9.34362 0.337776 0 -53.2932 0.235987 -0 -19.7142 -0.57367 0 -2.13716 0.468022 -0 0.37168 3.10672e-05 7.77622e-06 0.18584 
1675156028928614770 -0.467931 -0 8.30544 0.337776 0 -53.2932 0.235987 -0 -19.7142 -0.57367 0 -2.0907 0.468022 -0 0.41814 3.10672e-05 7.77622e-06 0.4646 
1675156028995283841 -0.467931 -0 8.30544 0.337776 0 -52.9472 0.235987 -0 -19.7142 -0.57367 0 -2.18362 0.468022 -0 0.32522 3.10672e-05 7.77622e-06 0.2323 
1675156029061948983 -0.467931 -0 8.6515 0.337776 0 -53.2932 0.235987 -0 -19.8647 -0.57367 0 -2.0907 0.468022 -0 0.4646 2.3291e-05 -0 0.27876 
1675156029128616800 -0.467931 -0 8.30544 0.337776 0 -52.9472 0.235987 -0 -19.7142 -0.57367 0 -2.18362 0.468022 -0 0.4646 2.3291e-05 -0 0.18584 
1675156029195284041 -0.467931 -0 8.99756 0.337776 0 -52.9472 0.235987 -0 -19.7142 -0.57367 0 -2.0907 0.468022 -0 0.4646 2.3291e-05 -0 0.2323 
1675156029261953301 -0.467931 -0 9.34362 0.337776 0 -53.2932 0.235987 -0 -19.7142 -0.57367 0 -2.23008 0.468022 -0 0.37168 2.3291e-05 -0 0.51106 
1675156029328613686 -0.467931 -0 8.30544 0.337776 0 -53.2932 0.235987 -0 -19.7142 -0.57367 0 -2.18362 0.468022 -0 0.55752 2.3291e-05 -0 0.27876 
1675156029395317364 -0.467931 -0 8.6515 0.337776 0 -53.6393 0.235987 -0 -19.8647 -0.57367 0 -2.23008 0.468022 -0 0.51106 2.3291e-05 -0 0.41814 
1675156029461947170 -0.467931 -0 8.6515 0.337776 0 -54.3314 0.235987 -0 -19.8647 -0.57367 0 -2.23008 0.468022 -0 0.51106 2.3291e-05 -0 0.32522 
1675156029528614714 -0.467931 -0 8.99756 0.337776 0 -53.2932 0.235987 -0 -19.7142 -0.57367 0 -2.18362 0.468022 -0 0.55752 2.3291e-05 -0 0.4646 
1675156029595284061 -0.467931 -0 8.6515 0.337776 0 -53.2932 0.235987 -0 -19.5637 -0.57367 0 -2.23008 0.468022 -0 0.51106 2.3291e-05 -0 0.32522 
1675156029661948711 -0.467931 -0 8.30544 0.337776 0 -52.9472 0.235987 -0 -19.7142 -0.57367 0 -2.23008 0.46803 7.77622e-06 0.4646 2.3291e-05 -0 0.27876 
1675156029728632155 -0.467931 -0 8.6515 0.337776 0 -53.2932 0.235987 -0 -19.7142 -0.57367 0 -2.23008 0.46803 7.77622e-06 0.51106 2.3291e-05 -0 0.51106 
1675156029795284007 -0.467931 -0 8.6515 0.337776 0 -53.6393 0.235987 -0 -19.7142 -0.57367 0 -2.23008 0.46803 7.77622e-06 0.32522 2.3291e-05 -0 0.4646 
1675156029861949696 -0.467931 -0 8.6515 0.337776 0 -53.2932 0.235987 -0 -19.5637 -0.57367 0 -2.23008 0.46803 7.77622e-06 0.37168 2.3291e-05 -0 0.37168 
1675156029928616620 -0.467931 -0 8.6515 0.337776 0 -52.9472 0.235987 -0 -19.7142 -0.57367 0 -2.27654 0.46803 7.77622e-06 0.41814 2.3291e-05 -0 0.37168 
1675156029995213165 -0.467931 -0 8.6515 0.337776 0 -53.2932 0.235987 -0 -19.8647 -0.57367 0 -2.23008 0.46803 7.77622e-06 0.37168 2.3291e-05 -0 0.37168 
1675156030061887481 -0.467931 -0 8.6515 0.337776 0 -53.6393 0.235987 -0 -19.7142 -0.57367 0 -2.27654 0.46803 7.77622e-06 0.37168 2.3291e-05 -0 0.41814 
1675156030128608062 -0.467931 -0 8.99756 0.337776 0 -53.2932 0.235987 -0 -19.7142 -0.57367 0 -2.23008 0.46803 7.77622e-06 0.32522 2.3291e-05 -0 0.4646 
1675156030195274545 -0.467931 -0 8.6515 0.337776 0 -52.6011 0.235987 -0 -19.8647 -0.57367 0 -2.27654 0.46803 7.77622e-06 0.27876 2.3291e-05 -0 0.4646 
1675156030261945580 -0.467931 -0 8.6515 0.337776 0 -53.2932 0.235987 -0 -19.5637 -0.57367 0 -2.323 0.46803 7.77622e-06 0.2323 2.3291e-05 -0 0.4646 
1675156030328615539 -0.467931 -0 7.61332 0.337776 0 -52.9472 0.235987 -0 -19.7142 -0.57367 0 -2.323 0.46803 7.77622e-06 0.32522 2.3291e-05 -0 0.41814 
1675156030395273805 -0.467931 -0 8.6515 0.337776 0 -53.2932 0.235987 -0 -19.8647 -0.57367 0 -2.323 0.46803 7.77622e-06 0.32522 2.3291e-05 -0 0.4646 
1675156030461939839 -0.467931 -0 8.6515 0.337776 0 -53.6393 0.235987 -0 -19.7142 -0.57367 0 -2.23008 0.46803 7.77622e-06 0.18584 2.3291e-05 -0 0.41814 
1675156030528610322 -0.467931 -0 8.30544 0.337776 0 -53.2932 0.235987 -0 -19.7142 -0.57367 0 -2.323 0.46803 7.77622e-06 0.37168 2.3291e-05 -0 0.4646 
1675156030595277507 -0.467931 -0 8.99756 0.337776 0 -53.2932 0.235987 -0 -19.7142 -0.57367 0 -2.27654 0.46803 7.77622e-06 0.18584 2.3291e-05 -0 0.41814 
1675156030661947096 -0.467931 -0 8.6515 0.337776 0 -53.2932 0.235987 -0 -19.7142 -0.57367 0 -2.323 0.46803 7.77622e-06 0.27876 2.3291e-05 -0 0.4646 
1675156030728612011 -0.467931 -0 8.6515 0.337776 0 -53.2932 0.235987 -0 -19.7142 -0.57367 0 -2.36946 0.46803 7.77622e-06 0.09292 2.3291e-05 -0 0.55752 
1675156030795275348 -0.467931 -0 8.30544 0.337776 0 -53.6393 0.235987 -0 -19.7142 -0.57367 0 -2.36946 0.46803 7.77622e-06 0.04646 2.3291e-05 -0 0.4646 
1675156030861948195 -0.467931 -0 8.6515 0.337776 0 -53.6393 0.235987 -0 -19.7142 -0.57367 0 -2.46238 0.46803 7.77622e-06 0.13938 2.3291e-05 -0 0.4646 
1675156030928611898 -0.467931 -0 8.30544 0.337776 0 -53.6393 0.235987 -0 -19.7142 -0.57367 0 -2.41592 0.46803 7.77622e-06 0.13938 2.3291e-05 -0 0.6969 
1675156030995271936 -0.467931 -0 8.6515 0.337776 0 -52.6011 0.235987 -0 -19.7142 -0.57367 0 -2.46238 0.46803 7.77622e-06 -0 3.10672e-05 7.77622e-06 0.55752 
1675156031061943989 -0.467931 -0 8.99756 0.337776 0 -53.6393 0.235987 -0 -19.7142 -0.57367 0 -2.36946 0.46803 7.77622e-06 0.09292 3.10672e-05 7.77622e-06 0.4646 
1675156031128613621 -0.467931 -0 8.30544 0.337776 0 -53.6393 0.235987 -0 -19.7142 -0.57367 0 -2.50884 0.46803 7.77622e-06 -0 3.10672e-05 7.77622e-06 0.4646 
1675156031195275746 -0.467931 -0 8.6515 0.337776 0 -53.2932 0.235987 -0 -19.7142 -0.57367 0 -2.323 0.46803 7.77622e-06 0.04646 3.10672e-05 7.77622e-06 0.55752 
1675156031261947816 -0.467931 -0 8.30544 0.337776 0 -53.2932 0.235987 -0 -19.7142 -0.57367 0 -2.41592 0.46803 7.77622e-06 -0 3.10672e-05 7.77622e-06 0.41814 
1675156031328613448 -0.467931 -0 7.95938 0.337776 0 -52.9472 0.235987 -0 -19.7142 -0.57367 0 -2.36946 0.46803 7.77622e-06 -0 3.10672e-05 7.77622e-06 0.51106 
1675156031395275681 -0.467931 -0 8.6515 0.337776 0 -53.6393 0.235987 -0 -19.7142 -0.57367 0 -2.46238 0.46803 7.77622e-06 0.04646 3.10672e-05 7.77622e-06 0.41814 
1675156031461947979 -0.467931 -0 8.6515 0.337776 0 -52.6011 0.235987 -0 -19.7142 -0.57367 0 -2.41592 0.46803 7.77622e-06 -0 3.10672e-05 7.77622e-06 0.41814 
1675156031528547405 -0.467931 -0 8.99756 0.337776 0 -53.2932 0.235987 -0 -19.7142 -0.57367 0 -2.46238 0.46803 7.77622e-06 -0 3.10672e-05 7.77622e-06 0.41814 
1675156031595225200 -0.467931 -0 8.30544 0.337776 0 -52.9472 0.235987 -0 -19.8647 -0.57367 0 -2.41592 0.46803 7.77622e-06 -0 3.10672e-05 7.77622e-06 0.32522 
1675156031661941783 -0.467931 -0 8.6515 0.337776 0 -53.2932 0.235987 -0 -19.7142 -0.57367 0 -2.50884 0.468022 -0 -0.09292 3.10672e-05 7.77622e-06 0.32522 
1675156031728547904 -0.467931 -0 8.6515 0.337776 0 -52.6011 0.235987 -0 -19.7142 -0.57367 0 -2.46238 0.468022 -0 -0.13938 3.10672e-05 7.77622e-06 0.18584 
1675156031795274578 -0.467931 -0 8.30544 0.337776 0 -52.9472 0.235987 -0 -19.8647 -0.57367 0 -2.5553 0.468022 -0 -0.04646 3.10672e-05 7.77622e-06 0.41814 
1675156031861941952 -0.467931 -0 8.99756 0.337776 0 -53.2932 0.235987 -0 -19.8647 -0.57367 0 -2.46238 0.468022 -0 -0 2.3291e-05 -0 0.37168 
1675156031928611519 -0.467931 -0 8.6515 0.337776 0 -52.9472 0.235987 -0 -19.7142 -0.57367 0 -2.46238 0.468022 -0 -0 2.3291e-05 -0 0.4646 
1675156031995278031 -0.467931 -0 8.99756 0.337776 0 -52.9472 0.235987 -0 -19.7142 -0.57367 0 -2.5553 0.468022 -0 -0 2.3291e-05 -0 0.18584 
1675156032061888242 -0.467931 -0 8.99756 0.337776 0 -53.2932 0.235987 -0 -19.5637 -0.573677 -7.77622e-06 -2.41592 0.468022 -0 -0.04646 2.3291e-05 -0 0.2323 
1675156032128613306 -0.467931 -0 9.34362 0.337776 0 -53.6393 0.235987 -0 -19.7142 -0.573677 -7.77622e-06 -2.41592 0.468022 -0 -0 2.3291e-05 -0 0.27876 
1675156032195279611 -0.467931 -0 8.30544 0.337776 0 -53.2932 0.235987 -0 -19.8647 -0.573677 -7.77622e-06 -2.41592 0.468022 -0 0.04646 2.3291e-05 -0 0.32522 
1675156032261947313 -0.467931 -0 8.6515 0.337776 0 -52.9472 0.235987 -0 -19.5637 -0.573677 -7.77622e-06 -2.46238 0.468022 -0 -0 2.3291e-05 -0 0.4646 
1675156032328552438 -0.467931 -0 8.6515 0.337776 0 -53.6393 0.235987 -0 -19.7142 -0.573677 -7.77622e-06 -2.36946 0.468022 -0 -0 2.3291e-05 -0 0.37168 
1675156032395280257 -0.467931 -0 8.99756 0.337776 0 -53.2932 0.235987 -0 -19.7142 -0.573677 -7.77622e-06 -2.41592 0.468022 -0 -0.13938 2.3291e-05 -0 0.32522 
1675156032461941215 -0.467931 -0 8.6515 0.337776 0 -53.2932 0.235987 -0 -19.7142 -0.573677 -7.77622e-06 -2.36946 0.468022 -0 -0 2.3291e-05 -0 0.41814 
1675156032528615541 -0.467931 -0 8.6515 0.337776 0 -53.6393 0.235987 -0 -19.7142 -0.573677 -7.77622e-06 -2.323 0.468022 -0 -0 2.3291e-05 -0 0.32522 
1675156032595278915 -0.467931 -0 8.6515 0.337776 0 -52.9472 0.235987 -0 -19.7142 -0.573677 -7.77622e-06 -2.323 0.468022 -0 -0 2.3291e-05 -0 0.27876 
1675156032661888195 -0.467931 -0 8.6515 0.337776 0 -53.2932 0.235987 -0 -19.8647 -0.573677 -7.77622e-06 -2.27654 0.468022 -0 -0 2.3291e-05 -0 0.4646 
1675156032728608056 -0.467931 -0 8.30544 0.337776 0 -52.9472 0.235987 -0 -19.7142 -0.573677 -7.77622e-06 -2.23008 0.468022 -0 0.04646 2.3291e-05 -0 0.32522 
1675156032795281811 -0.467931 -0 7.95938 0.337776 0 -53.2932 0.235987 -0 -19.7142 -0.573677 -7.77622e-06 -2.23008 0.468022 -0 0.09292 2.3291e-05 -0 0.37168 
1675156032861946406 -0.467931 -0 8.6515 0.337776 0 -52.9472 0.235987 -0 -19.7142 -0.573677 -7.77622e-06 -2.23008 0.468022 -0 0.13938 2.3291e-05 -0 0.41814 
1675156032928549594 -0.467931 -0 8.99756 0.337776 0 -53.2932 0.235987 -0 -19.7142 -0.573677 -7.77622e-06 -2.18362 0.468022 -0 0.09292 2.3291e-05 -0 0.41814 
1675156032995218464 -0.467931 -0 8.6515 0.337776 0 -53.6393 0.235987 -0 -20.0152 -0.573677 -7.77622e-06 -2.23008 0.468022 -0 0.13938 2.3291e-05 -0 0.41814 
1675156033061967530 -0.467931 -0 8.30544 0.337776 0 -52.9472 0.235987 -0 -19.8647 -0.573677 -7.77622e-06 -2.13716 0.468022 -0 0.04646 2.3291e-05 -0 0.55752 
1675156033128614385 -0.467931 -0 8.6515 0.337776 0 -53.2932 0.235987 -0 -19.7142 -0.573677 -7.77622e-06 -2.18362 0.468022 -0 0.18584 2.3291e-05 -0 0.55752 
1675156033195222765 -0.467931 -0 8.30544 0.337776 0 -53.2932 0.235987 -0 -19.8647 -0.573677 -7.77622e-06 -2.0907 0.468022 -0 0.2323 2.3291e-05 -0 0.55752 
1675156033261962269 -0.467931 -0 8.30544 0.337776 0 -53.2932 0.235987 -0 -19.7142 -0.573677 -7.77622e-06 -2.13716 0.468022 -0 0.09292 2.3291e-05 -0 0.37168 
1675156033328612613 -0.467931 -0 8.99756 0.337776 0 -53.2932 0.235987 -0 -19.8647 -0.573677 -7.77622e-06 -2.04424 0.468022 -0 0.13938 2.3291e-05 -0 0.4646 
1675156033395221889 -0.467931 -0 8.99756 0.337776 0 -52.9472 0.235987 -0 -19.7142 -0.573677 -7.77622e-06 -2.04424 0.468022 -0 0.09292 2.3291e-05 -0 0.4646 
1675156033461946066 -0.467931 -0 8.6515 0.337776 0 -53.2932 0.235987 -0 -19.7142 -0.573677 -7.77622e-06 -1.99778 0.468022 -0 0.09292 2.3291e-05 -0 0.41814 
1675156033528549010 -0.467931 -0 8.30544 0.337776 0 -53.2932 0.235987 -0 -19.7142 -0.573677 -7.77622e-06 -1.99778 0.468022 -0 0.09292 2.3291e-05 -0 0.55752 
1675156033595222883 -0.467931 -0 8.99756 0.337776 0 -53.6393 0.235987 -0 -19.7142 -0.573677 -7.77622e-06 -1.99778 0.468022 -0 0.09292 2.3291e-05 -0 0.37168 
1675156033661941390 -0.467931 -0 8.6515 0.337776 0 -53.6393 0.235987 -0 -19.5637 -0.573677 -7.77622e-06 -1.99778 0.468022 -0 0.13938 2.3291e-05 -0 0.4646 
1675156033728613766 -0.467931 -0 8.6515 0.337776 0 -53.2932 0.235987 -0 -19.7142 -0.573677 -7.77622e-06 -2.0907 0.468022 -0 0.18584 2.3291e-05 -0 0.60398 
1675156033795221790 -0.467931 -0 8.30544 0.337776 0 -52.9472 0.235987 -0 -19.7142 -0.573677 -7.77622e-06 -1.99778 0.468022 -0 0.09292 2.3291e-05 -0 0.4646 
1675156033861886686 -0.467931 -0 8.6515 0.337776 0 -53.2932 0.235987 -0 -19.7142 -0.573677 -7.77622e-06 -1.90486 0.468022 -0 0.18584 2.3291e-05 -0 0.6969 
1675156033928611067 -0.467931 -0 8.30544 0.337776 0 -53.6393 0.235987 -0 -19.8647 -0.573677 -7.77622e-06 -1.90486 0.468022 -0 0.27876 2.3291e-05 -0 0.55752 
1675156033995217072 -0.467931 -0 8.30544 0.337776 0 -52.6011 0.235987 -0 -19.7142 -0.573677 -7.77622e-06 -1.8584 0.468022 -0 0.13938 2.3291e-05 -0 0.60398 
1675156034061887326 -0.467931 -0 8.99756 0.337776 0 -53.2932 0.235987 -0 -19.7142 -0.573677 -7.77622e-06 -1.90486 0.468022 -0 0.18584 2.3291e-05 -0 0.65044 
1675156034128551872 -0.467931 -0 8.30544 0.337776 0 -52.6011 0.235987 -0 -19.7142 -0.573677 -7.77622e-06 -1.90486 0.468022 -0 0.13938 2.3291e-05 -0 0.60398 
1675156034195281327 -0.467931 -0 8.99756 0.337776 0 -52.9472 0.235987 -0 -19.7142 -0.573677 -7.77622e-06 -1.90486 0.468022 -0 0.2323 2.3291e-05 -0 0.55752 
1675156034261884655 -0.467931 -0 8.6515 0.337776 0 -53.6393 0.235987 -0 -19.7142 -0.573677 -7.77622e-06 -1.76548 0.468022 -0 0.18584 3.10672e-05 7.77622e-06 0.55752 
1675156034328557290 -0.467931 -0 8.6515 0.337776 0 -52.6011 0.235987 -0 -19.8647 -0.573677 -7.77622e-06 -1.95132 0.468022 -0 0.18584 3.10672e-05 7.77622e-06 0.4646 
1675156034395273523 -0.467931 -0 8.99756 0.337776 0 -53.2932 0.235987 -0 -19.7142 -0.573677 -7.77622e-06 -1.71902 0.468022 -0 0.32522 3.10672e-05 7.77622e-06 0.51106 
1675156034461888235 -0.467931 -0 8.99756 0.337776 0 -53.9854 0.235987 -0 -19.7142 -0.573677 -7.77622e-06 -1.67256 0.468022 -0 0.13938 3.10672e-05 7.77622e-06 0.41814 
1675156034528556646 -0.467931 -0 8.6515 0.337776 0 -53.2932 0.235987 -0 -19.7142 -0.573677 -7.77622e-06 -1.81194 0.468022 -0 0.18584 3.10672e-05 7.77622e-06 0.4646 
1675156034595290100 -0.467931 -0 8.30544 0.337776 0 -53.2932 0.235987 -0 -19.7142 -0.573677 -7.77622e-06 -1.71902 0.468022 -0 0.27876 3.10672e-05 7.77622e-06 0.4646 
1675156034661946234 -0.467931 -0 8.99756 0.337776 0 -53.2932 0.235987 -0 -19.7142 -0.573677 -7.77622e-06 -1.71902 0.468022 -0 0.27876 3.10672e-05 7.77622e-06 0.37168 
1675156034728552195 -0.467931 -0 8.6515 0.337776 0 -53.2932 0.235987 -0 -19.7142 -0.573677 -7.77622e-06 -1.71902 0.468022 -0 0.32522 3.10672e-05 7.77622e-06 0.37168 
1675156034795272219 -0.467931 -0 8.99756 0.337776 0 -52.9472 0.235987 -0 -19.8647 -0.573677 -7.77622e-06 -1.6261 0.468022 -0 0.41814 3.10672e-05 7.77622e-06 0.41814 
1675156034861942552 -0.467931 -0 8.6515 0.337776 0 -53.2932 0.235987 -0 -19.7142 -0.573677 -7.77622e-06 -1.6261 0.468022 -0 0.37168 3.10672e-05 7.77622e-06 0.41814 
1675156034928553434 -0.467931 -0 8.6515 0.337776 0 -53.6393 0.235987 -0 -19.7142 -0.57367 0 -1.76548 0.468022 -0 0.32522 3.10672e-05 7.77622e-06 0.32522 
1675156034995218535 -0.467931 -0 8.30544 0.337776 0 -53.2932 0.235987 -0 -19.7142 -0.57367 0 -1.67256 0.468022 -0 0.37168 3.10672e-05 7.77622e-06 0.2323 
1675156035061886945 -0.467931 -0 8.6515 0.337776 0 -52.9472 0.235987 -0 -19.7142 -0.57367 0 -1.71902 0.468022 -0 0.27876 3.10672e-05 7.77622e-06 0.41814 
1675156035128620668 -0.467931 -0 8.30544 0.337776 0 -53.6393 0.235987 -0 -19.7142 -0.57367 0 -1.67256 0.468022 -0 0.32522 3.10672e-05 7.77622e-06 0.37168 
1675156035195275934 -0.467931 -0 8.30544 0.337776 0 -53.2932 0.235987 -0 -19.7142 -0.57367 0 -1.76548 0.468022 -0 0.32522 3.10672e-05 7.77622e-06 0.32522 
1675156035261883423 -0.467931 -0 8.6515 0.337776 0 -53.2932 0.235987 -0 -19.8647 -0.57367 0 -1.67256 0.468022 -0 0.37168 3.10672e-05 7.77622e-06 0.27876 
1675156035328604074 -0.467931 -0 8.6515 0.337776 0 -52.9472 0.235987 -0 -19.7142 -0.57367 0 -1.8584 0.468022 -0 0.27876 3.10672e-05 7.77622e-06 0.32522 
1675156035395214252 -0.467931 -0 8.30544 0.337776 0 -53.2932 0.235987 -0 -19.8647 -0.57367 0 -1.81194 0.468022 -0 0.32522 2.3291e-05 -0 0.37168 
1675156035461946265 -0.467931 -0 8.6515 0.337776 0 -53.2932 0.235987 -0 -19.7142 -0.57367 0 -1.8584 0.468022 -0 0.37168 2.3291e-05 -0 0.27876 
1675156035528614843 -0.467931 -0 8.30544 0.337776 0 -52.9472 0.235987 -0 -19.7142 -0.57367 0 -1.90486 0.468022 -0 0.41814 2.3291e-05 -0 0.32522 
1675156035595274690 -0.467931 -0 8.6515 0.337776 0 -52.9472 0.235987 -0 -19.8647 -0.57367 0 -1.8584 0.468022 -0 0.4646 2.3291e-05 -0 0.32522 
1675156035661886790 -0.467931 -0 8.99756 0.337776 0 -53.2932 0.235987 -0 -19.7142 -0.57367 0 -1.8584 0.468022 -0 0.41814 2.3291e-05 -0 0.32522 
1675156035728614682 -0.467931 -0 8.6515 0.337776 0 -52.9472 0.235987 -0 -19.7142 -0.57367 0 -1.8584 0.468022 -0 0.37168 2.3291e-05 -0 0.41814 
1675156035795275086 -0.467931 -0 8.6515 0.337776 0 -53.2932 0.235987 -0 -19.7142 -0.57367 0 -1.8584 0.468022 -0 0.32522 2.3291e-05 -0 0.37168 
1675156035861896764 -0.467931 -0 8.30544 0.337776 0 -52.9472 0.235987 -0 -19.5637 -0.57367 0 -1.90486 0.468022 -0 0.32522 2.3291e-05 -0 0.32522 
1675156035928550797 -0.467931 -0 9.34362 0.337776 0 -53.2932 0.235987 -0 -19.7142 -0.57367 0 -1.90486 0.468022 -0 0.27876 2.3291e-05 -0 0.32522 
1675156035995272872 -0.467931 -0 8.30544 0.337776 0 -53.2932 0.235987 -0 -19.8647 -0.57367 0 -1.8584 0.468022 -0 0.37168 2.3291e-05 -0 0.2323 
1675156036061941916 -0.467931 -0 8.6515 0.337776 0 -52.9472 0.235987 -0 -19.7142 -0.57367 0 -1.95132 0.468022 -0 0.32522 2.3291e-05 -0 0.32522 
1675156036128611971 -0.467931 -0 8.30544 0.337776 0 -53.6393 0.235987 -0 -19.7142 -0.57367 0 -1.95132 0.468022 -0 0.37168 2.3291e-05 -0 0.2323 
1675156036195275351 -0.467931 -0 8.6515 0.337776 0 -52.9472 0.235987 -0 -19.7142 -0.57367 0 -1.90486 0.468022 -0 0.41814 2.3291e-05 -0 0.41814 
1675156036261887690 -0.467931 -0 8.6515 0.337776 0 -53.2932 0.235987 -0 -19.7142 -0.57367 0 -1.90486 0.468022 -0 0.41814 2.3291e-05 -0 0.27876 
1675156036328609375 -0.467931 -0 8.30544 0.337776 0 -53.6393 0.235987 -0 -19.7142 -0.57367 0 -1.95132 0.468022 -0 0.41814 2.3291e-05 -0 0.37168 
1675156036395276811 -0.467931 -0 7.95938 0.337776 0 -53.2932 0.235987 -0 -19.7142 -0.57367 0 -1.95132 0.468022 -0 0.41814 2.3291e-05 -0 0.4646 
1675156036461945555 -0.467931 -0 9.34362 0.337776 0 -53.6393 0.235987 -0 -19.7142 -0.57367 0 -1.95132 0.468022 -0 0.51106 2.3291e-05 -0 0.41814 
1675156036528552655 -0.467931 -0 8.6515 0.337776 0 -52.6011 0.235987 -0 -19.7142 -0.57367 0 -1.99778 0.468022 -0 0.4646 2.3291e-05 -0 0.37168 
1675156036595272844 -0.467931 -0 8.99756 0.337776 0 -52.9472 0.235987 -0 -19.7142 -0.57367 0 -1.95132 0.46803 7.77622e-06 0.41814 2.3291e-05 -0 0.41814 
1675156036661941879 -0.467931 -0 8.30544 0.337776 0 -52.9472 0.235987 -0 -19.8647 -0.57367 0 -1.95132 0.46803 7.77622e-06 0.32522 2.3291e-05 -0 0.41814 
1675156036728609232 -0.467931 -0 8.6515 0.337776 0 -53.2932 0.235987 -0 -19.7142 -0.57367 0 -1.90486 0.46803 7.77622e-06 0.2323 2.3291e-05 -0 0.4646 
1675156036795275067 -0.467931 -0 7.95938 0.337776 0 -52.9472 0.235987 -0 -19.7142 -0.57367 0 -1.99778 0.46803 7.77622e-06 0.27876 2.3291e-05 -0 0.51106 
1675156036861888162 -0.467931 -0 7.95938 0.337776 0 -53.2932 0.235987 -0 -19.7142 -0.57367 0 -1.99778 0.46803 7.77622e-06 0.27876 2.3291e-05 -0 0.51106 
1675156036928614219 -0.467931 -0 8.6515 0.337776 0 -53.9854 0.235987 -0 -19.8647 -0.57367 0 -1.99778 0.46803 7.77622e-06 0.27876 2.3291e-05 -0 0.60398 
1675156036995277672 -0.467931 -0 8.30544 0.337776 0 -52.9472 0.235987 -0 -19.8647 -0.57367 0 -1.99778 0.46803 7.77622e-06 0.37168 2.3291e-05 -0 0.41814 
1675156037061964086 -0.467931 -0 8.99756 0.337776 0 -53.2932 0.235987 -0 -19.7142 -0.57367 0 -1.99778 0.46803 7.77622e-06 0.18584 2.3291e-05 -0 0.37168 
1675156037128551080 -0.467931 -0 8.30544 0.337776 0 -52.9472 0.235987 -0 -19.7142 -0.57367 0 -2.04424 0.46803 7.77622e-06 0.27876 2.3291e-05 -0 0.37168 
1675156037195273145 -0.467931 -0 8.99756 0.337776 0 -52.9472 0.235987 -0 -19.7142 -0.57367 0 -2.0907 0.46803 7.77622e-06 0.2323 2.3291e-05 -0 0.4646 
1675156037261944062 -0.467931 -0 8.6515 0.337776 0 -52.9472 0.235987 -0 -19.7142 -0.57367 0 -2.04424 0.46803 7.77622e-06 0.18584 2.3291e-05 -0 0.4646 
1675156037328610752 -0.467931 -0 8.30544 0.337776 0 -53.2932 0.235987 -0 -19.7142 -0.57367 0 -2.0907 0.46803 7.77622e-06 0.18584 2.3291e-05 -0 0.55752 
1675156037395282981 -0.467931 -0 8.6515 0.337776 0 -53.6393 0.235987 -0 -19.8647 -0.57367 0 -2.0907 0.46803 7.77622e-06 0.13938 2.3291e-05 -0 0.4646 
1675156037461887675 -0.467931 -0 8.99756 0.337776 0 -52.9472 0.235987 -0 -19.7142 -0.57367 0 -2.04424 0.46803 7.77622e-06 0.13938 2.3291e-05 -0 0.51106 
1675156037528615733 -0.467931 -0 8.6515 0.337776 0 -52.6011 0.235987 -0 -19.8647 -0.57367 0 -2.04424 0.46803 7.77622e-06 0.04646 2.3291e-05 -0 0.60398 
1675156037595274369 -0.467931 -0 9.34362 0.337776 0 -53.6393 0.235987 -0 -19.7142 -0.57367 0 -2.04424 0.46803 7.77622e-06 0.09292 2.3291e-05 -0 0.51106 
1675156037661888671 -0.467931 -0 8.6515 0.337776 0 -53.9854 0.235987 -0 -19.7142 -0.57367 0 -2.23008 0.46803 7.77622e-06 0.13938 2.3291e-05 -0 0.55752 
1675156037728609551 -0.467931 -0 8.99756 0.337776 0 -53.2932 0.235987 -0 -19.7142 -0.57367 0 -2.0907 0.46803 7.77622e-06 0.09292 2.3291e-05 -0 0.51106 
1675156037795275820 -0.467931 -0 8.6515 0.337776 0 -52.9472 0.235987 -0 -19.7142 -0.57367 0 -2.13716 0.46803 7.77622e-06 -0 2.3291e-05 -0 0.55752 
1675156037861943515 -0.467931 -0 8.30544 0.337776 0 -53.2932 0.235987 -0 -19.8647 -0.57367 0 -2.13716 0.46803 7.77622e-06 -0 3.10672e-05 7.77622e-06 0.55752 
1675156037928607973 -0.467931 -0 8.99756 0.337776 0 -52.9472 0.235987 -0 -19.7142 -0.57367 0 -2.13716 0.46803 7.77622e-06 -0.04646 3.10672e-05 7.77622e-06 0.60398 
1675156037995279228 -0.467931 -0 8.6515 0.337776 0 -53.2932 0.235987 -0 -19.7142 -0.57367 0 -2.13716 0.46803 7.77622e-06 -0 3.10672e-05 7.77622e-06 0.4646 
1675156038061944824 -0.467931 -0 8.30544 0.337776 0 -52.6011 0.235987 -0 -19.7142 -0.57367 0 -2.13716 0.46803 7.77622e-06 -0.04646 3.10672e-05 7.77622e-06 0.65044 
1675156038128610742 -0.467931 -0 7.95938 0.337776 0 -53.2932 0.235987 -0 -19.7142 -0.57367 0 -2.13716 0.46803 7.77622e-06 -0 3.10672e-05 7.77622e-06 0.4646 
1675156038195277274 -0.467931 -0 8.6515 0.337776 0 -53.2932 0.235987 -0 -19.8647 -0.57367 0 -2.23008 0.46803 7.77622e-06 -0 3.10672e-05 7.77622e-06 0.60398 
1675156038261882250 -0.467931 -0 8.99756 0.337776 0 -53.6393 0.235987 -0 -19.8647 -0.57367 0 -2.13716 0.46803 7.77622e-06 -0 3.10672e-05 7.77622e-06 0.27876 
1675156038328609696 -0.467931 -0 8.6515 0.337776 0 -53.6393 0.235987 -0 -19.7142 -0.57367 0 -2.23008 0.468022 -0 -0.04646 3.10672e-05 7.77622e-06 0.4646 
1675156038395278540 -0.467931 -0 7.95938 0.337776 0 -53.2932 0.235987 -0 -19.5637 -0.57367 0 -2.18362 0.468022 -0 -0.09292 3.10672e-05 7.77622e-06 0.51106 
1675156038461890344 -0.467931 -0 8.6515 0.337776 0 -53.2932 0.235987 -0 -19.7142 -0.57367 0 -2.18362 0.468022 -0 -0 3.10672e-05 7.77622e-06 0.32522 
1675156038528605478 -0.467931 -0 8.6515 0.337776 0 -53.2932 0.235987 -0 -19.5637 -0.57367 0 -2.18362 0.468022 -0 0.04646 3.10672e-05 7.77622e-06 0.37168 
1675156038595272587 -0.467931 -0 8.30544 0.337776 0 -52.9472 0.235987 -0 -19.8647 -0.57367 0 -2.23008 0.468022 -0 -0.04646 3.10672e-05 7.77622e-06 0.41814 
1675156038661890208 -0.467931 -0 8.99756 0.337776 0 -53.6393 0.235987 -0 -19.7142 -0.57367 0 -2.23008 0.468022 -0 -0 3.10672e-05 7.77622e-06 0.18584 
1675156038728557410 -0.467931 -0 8.6515 0.337776 0 -53.2932 0.235987 -0 -19.7142 -0.57367 0 -2.23008 0.468022 -0 -0 3.10672e-05 7.77622e-06 0.13938 
1675156038795281549 -0.467931 -0 8.30544 0.337776 0 -52.6011 0.235987 -0 -19.7142 -0.57367 0 -2.27654 0.468022 -0 -0 3.10672e-05 7.77622e-06 0.37168 
1675156038861885574 -0.467931 -0 8.30544 0.337776 0 -52.9472 0.235987 -0 -19.7142 -0.57367 0 -2.23008 0.468022 -0 -0 3.10672e-05 7.77622e-06 0.2323 
1675156038928555017 -0.467931 -0 8.99756 0.337776 0 -52.9472 0.235987 -0 -19.8647 -0.57367 0 -2.18362 0.468022 -0 0.13938 2.3291e-05 -0 0.37168 
1675156038995277590 -0.467931 -0 9.34362 0.337776 0 -52.9472 0.235987 -0 -19.7142 -0.57367 0 -2.323 0.468022 -0 0.04646 2.3291e-05 -0 0.2323 
1675156039061890089 -0.467931 -0 8.30544 0.337776 0 -53.2932 0.235987 -0 -19.8647 -0.57367 0 -2.27654 0.468022 -0 -0 2.3291e-05 -0 0.41814 
1675156039128556762 -0.467931 -0 8.6515 0.337776 0 -53.2932 0.235987 -0 -19.7142 -0.57367 0 -2.23008 0.468022 -0 -0.04646 2.3291e-05 -0 0.37168 
1675156039195275764 -0.467931 -0 8.99756 0.337776 0 -52.9472 0.235987 -0 -19.7142 -0.57367 0 -2.27654 0.468022 -0 0.04646 2.3291e-05 -0 0.37168 
1675156039261894259 -0.467931 -0 8.30544 0.337776 0 -52.9472 0.235987 -0 -19.7142 -0.57367 0 -2.323 0.468022 -0 -0.04646 2.3291e-05 -0 0.4646 
1675156039328557139 -0.467931 -0 8.30544 0.337776 0 -53.2932 0.235987 -0 -19.7142 -0.57367 0 -2.323 0.468022 -0 0.13938 2.3291e-05 -0 0.32522 
1675156039395275105 -0.467931 -0 8.6515 0.337776 0 -52.9472 0.235987 -0 -19.7142 -0.57367 0 -2.23008 0.468022 -0 -0 2.3291e-05 -0 0.37168 
1675156039461942132 -0.467931 -0 7.95938 0.337776 0 -53.6393 0.235987 -0 -19.7142 -0.57367 0 -2.27654 0.468022 -0 0.09292 2.3291e-05 -0 0.4646 
1675156039528604955 -0.467931 -0 9.34362 0.337776 0 -52.9472 0.235987 -0 -19.7142 -0.57367 0 -2.323 0.468022 -0 0.04646 2.3291e-05 -0 0.41814 
1675156039595276041 -0.467931 -0 8.6515 0.337776 0 -51.909 0.235987 -0 -19.7142 -0.57367 0 -2.323 0.468022 -0 -0 2.3291e-05 -0 0.37168 
1675156039661974101 -0.467931 -0 8.6515 0.337776 0 -52.9472 0.235987 -0 -19.7142 -0.57367 0 -2.41592 0.468022 -0 0.13938 2.3291e-05 -0 0.41814 
1675156039728604921 -0.467931 -0 8.30544 0.337776 0 -53.2932 0.235987 -0 -19.8647 -0.57367 0 -2.36946 0.468022 -0 0.13938 2.3291e-05 -0 0.37168 
1675156039795279019 -0.467931 -0 7.95938 0.337776 0 -52.9472 0.235987 -0 -19.7142 -0.57367 0 -2.36946 0.468022 -0 0.09292 2.3291e-05 -0 0.41814 
1675156039861883405 -0.467931 -0 8.6515 0.337776 0 -53.2932 0.235987 -0 -19.7142 -0.57367 0 -2.27654 0.468022 -0 -0 2.3291e-05 -0 0.37168 
1675156039928548924 -0.467931 -0 8.6515 0.337776 0 -52.9472 0.235987 -0 -19.8647 -0.57367 0 -2.41592 0.468022 -0 0.04646 2.3291e-05 -0 0.55752 
1675156039995273921 -0.467931 -0 8.6515 0.337776 0 -53.6393 0.235987 -0 -19.8647 -0.57367 0 -2.41592 0.468022 -0 0.09292 2.3291e-05 -0 0.51106 
1675156040061948212 -0.467931 -0 8.6515 0.337776 0 -52.9472 0.235987 -0 -19.7142 -0.57367 0 -2.46238 0.468022 -0 0.18584 2.3291e-05 -0 0.37168 
1675156040128609902 -0.467931 -0 8.6515 0.337776 0 -52.9472 0.235987 -0 -19.7142 -0.57367 0 -2.41592 0.468022 -0 0.13938 2.3291e-05 -0 0.41814 
1675156040195280731 -0.467931 -0 8.6515 0.337776 0 -53.2932 0.235987 -0 -19.7142 -0.57367 0 -2.46238 0.468022 -0 0.13938 2.3291e-05 -0 0.55752 
1675156040261950113 -0.467931 -0 8.6515 0.337776 0 -52.6011 0.235987 -0 -19.5637 -0.57367 0 -2.36946 0.468022 -0 0.18584 2.3291e-05 -0 0.4646 
1675156040328612443 -0.467931 -0 8.30544 0.337776 0 -53.2932 0.235987 -0 -19.7142 -0.57367 0 -2.323 0.468022 -0 0.18584 2.3291e-05 -0 0.51106 
1675156040395223096 -0.467931 -0 8.30544 0.337776 0 -53.6393 0.235987 -0 -19.8647 -0.57367 0 -2.36946 0.468022 -0 0.2323 2.3291e-05 -0 0.4646 
1675156040461893708 -0.467931 -0 8.99756 0.337776 0 -53.2932 0.235987 -0 -19.7142 -0.57367 0 -2.50884 0.468022 -0 0.18584 2.3291e-05 -0 0.55752 
1675156040528613950 -0.467931 -0 8.30544 0.337776 0 -52.6011 0.235987 -0 -19.8647 -0.57367 0 -2.41592 0.468022 -0 0.18584 2.3291e-05 -0 0.51106 
1675156040595222498 -0.467931 -0 8.30544 0.337776 0 -53.2932 0.235987 -0 -19.7142 -0.57367 0 -2.50884 0.468022 -0 0.18584 2.3291e-05 -0 0.51106 
1675156040661892814 -0.467931 -0 8.6515 0.337776 0 -52.9472 0.235987 -0 -19.7142 -0.57367 0 -2.46238 0.468022 -0 0.27876 2.3291e-05 -0 0.4646 
1675156040728611203 -0.467931 -0 8.6515 0.337776 0 -53.2932 0.235987 -0 -19.7142 -0.57367 0 -2.50884 0.468022 -0 0.04646 2.3291e-05 -0 0.51106 
1675156040795222918 -0.467931 -0 8.6515 0.337776 0 -52.6011 0.235987 -0 -19.5637 -0.57367 0 -2.46238 0.468022 -0 0.27876 2.3291e-05 -0 0.55752 
1675156040861893358 -0.467931 -0 8.30544 0.337776 0 -52.9472 0.235987 -0 -19.7142 -0.57367 0 -2.46238 0.468022 -0 0.2323 2.3291e-05 -0 0.55752 
1675156040928608549 -0.467931 -0 8.6515 0.337776 0 -53.2932 0.235987 -0 -19.7142 -0.57367 0 -2.50884 0.468022 -0 0.18584 2.3291e-05 -0 0.51106 
1675156040995277047 -0.467931 -0 8.6515 0.337776 0 -53.2932 0.235987 -0 -19.7142 -0.573677 -0.00451798 -2.60176 0.468022 -0 0.18584 2.3291e-05 -0 0.60398 
1675156041061947094 -0.467931 -0 8.30544 0.337776 0 -53.2932 0.235987 -0 -19.8647 -0.573677 -7.77622e-06 -2.46238 0.468022 -0 0.27876 2.3291e-05 -0 0.55752 
1675156041128613498 -0.467931 -0 8.30544 0.337776 0 -52.9472 0.235987 -0 -19.8647 -0.573677 -7.77622e-06 -2.50884 0.468022 -0 0.27876 2.3291e-05 -0 0.60398 
1675156041195219549 -0.467931 -0 8.6515 0.337776 0 -52.6011 0.235987 -0 -19.7142 -0.573677 -7.77622e-06 -2.46238 0.468022 -0 0.2323 2.3291e-05 -0 0.74336 
1675156041261895378 -0.467931 -0 7.95938 0.337776 0 -52.6011 0.235987 -0 -19.7142 -0.573677 -7.77622e-06 -2.36946 0.468022 -0 0.18584 2.3291e-05 -0 0.60398 
1675156041328613767 -0.467931 -0 8.6515 0.337776 0 -52.6011 0.235987 -0 -19.7142 -0.573677 -7.77622e-06 -2.41592 0.468022 -0 0.18584 2.3291e-05 -0 0.6969 
1675156041395214483 -0.467931 -0 8.30544 0.337776 0 -53.2932 0.235987 -0 -19.7142 -0.573677 -7.77622e-06 -2.41592 0.468022 -0 0.2323 2.3291e-05 -0 0.55752 
1675156041461879909 -0.467931 -0 8.99756 0.337776 0 -52.9472 0.235987 -0 -19.7142 -0.573677 -7.77622e-06 -2.46238 0.468022 -0 0.32522 2.3291e-05 -0 0.60398 
1675156041528546301 -0.467931 -0 8.99756 0.337776 0 -53.6393 0.235987 -0 -19.5637 -0.573677 -7.77622e-06 -2.41592 0.468022 -0 0.27876 3.10672e-05 7.77622e-06 0.60398 
1675156041595278688 -0.467931 -0 8.6515 0.337776 0 -53.2932 0.235987 -0 -19.7142 -0.573677 -7.77622e-06 -2.36946 0.468022 -0 0.37168 3.10672e-05 7.77622e-06 0.60398 
1675156041661940259 -0.467931 -0 8.6515 0.337776 0 -53.6393 0.235987 -0 -19.7142 -0.573677 -7.77622e-06 -2.323 0.468022 -0 0.37168 3.10672e-05 7.77622e-06 0.4646 
1675156041728611994 -0.467931 -0 9.34362 0.337776 0 -52.9472 0.235987 -0 -19.7142 -0.573677 -7.77622e-06 -2.323 0.468022 -0 0.18584 3.10672e-05 7.77622e-06 0.55752 
1675156041795217245 -0.467931 -0 8.99756 0.337776 0 -52.6011 0.235987 -0 -19.7142 -0.573677 -7.77622e-06 -2.23008 0.468022 -0 0.32522 3.10672e-05 7.77622e-06 0.55752 
1675156041861881214 -0.467931 -0 8.6515 0.337776 0 -53.2932 0.235987 -0 -19.7142 -0.573677 -7.77622e-06 -2.23008 0.468022 -0 0.41814 3.10672e-05 7.77622e-06 0.55752 
1675156041928546134 -0.467931 -0 8.30544 0.337776 0 -51.909 0.235987 -0 -19.7142 -0.573677 -7.77622e-06 -2.18362 0.468022 -0 0.32522 3.10672e-05 7.77622e-06 0.4646 
1675156041995272925 -0.467931 -0 8.99756 0.337776 0 -52.9472 0.235987 -0 -19.7142 -0.573677 -7.77622e-06 -2.23008 0.468022 -0 0.32522 3.10672e-05 7.77622e-06 0.41814 
1675156042061943402 -0.467931 -0 7.95938 0.337776 0 -52.9472 0.235987 -0 -19.7142 -0.573677 -7.77622e-06 -2.23008 0.468022 -0 0.41814 3.10672e-05 7.77622e-06 0.41814 
1675156042128610916 -0.467931 -0 8.6515 0.337776 0 -52.6011 0.235987 -0 -19.7142 -0.573677 -7.77622e-06 -2.18362 0.468022 -0 0.41814 3.10672e-05 7.77622e-06 0.37168 
1675156042195280598 -0.467931 -0 8.99756 0.337776 0 -53.6393 0.235987 -0 -19.7142 -0.573677 -7.77622e-06 -2.13716 0.468022 -0 0.27876 3.10672e-05 7.77622e-06 0.41814 
1675156042261945068 -0.467931 -0 8.30544 0.337776 0 -52.9472 0.235987 -0 -19.8647 -0.573677 -7.77622e-06 -2.23008 0.468022 -0 0.37168 3.10672e-05 7.77622e-06 0.37168 
1675156042328612195 -0.467931 -0 8.30544 0.337776 0 -53.2932 0.235987 -0 -19.7142 -0.573677 -7.77622e-06 -2.13716 0.468022 -0 0.41814 3.10672e-05 7.77622e-06 0.32522 
1675156042395278180 -0.467931 -0 8.99756 0.337776 0 -53.6393 0.235987 -0 -19.7142 -0.573677 -7.77622e-06 -2.0907 0.46803 7.77622e-06 0.32522 3.10672e-05 7.77622e-06 0.32522 
1675156042461943167 -0.467931 -0 8.30544 0.337776 0 -52.2551 0.235987 -0 -19.5637 -0.573677 -7.77622e-06 -2.0907 0.46803 7.77622e-06 0.37168 3.10672e-05 7.77622e-06 0.27876 
1675156042528612034 -0.467931 -0 7.95938 0.337776 0 -53.2932 0.235987 -0 -19.7142 -0.573677 -7.77622e-06 -2.04424 0.46803 7.77622e-06 0.27876 3.10672e-05 7.77622e-06 0.32522 
1675156042595217760 -0.467931 -0 8.6515 0.337776 0 -53.6393 0.235987 -0 -19.8647 -0.573677 -7.77622e-06 -1.99778 0.46803 7.77622e-06 0.32522 3.10672e-05 7.77622e-06 0.55752 
1675156042661883914 -0.467931 -0 8.30544 0.337776 0 -52.9472 0.235987 -0 -19.7142 -0.573677 -7.77622e-06 -2.04424 0.46803 7.77622e-06 0.2323 3.10672e-05 7.77622e-06 0.32522 
1675156042728547421 -0.467931 -0 8.6515 0.337776 0 -53.2932 0.235987 -0 -19.7142 -0.573677 -7.77622e-06 -1.90486 0.46803 7.77622e-06 0.18584 3.10672e-05 7.77622e-06 0.18584 
1675156042795215616 -0.467931 -0 8.30544 0.337776 0 -52.9472 0.235987 -0 -19.8647 -0.573677 -7.77622e-06 -1.99778 0.46803 7.77622e-06 0.27876 3.10672e-05 7.77622e-06 0.32522 
1675156042861878693 -0.467931 -0 8.99756 0.337776 0 -52.9472 0.235987 -0 -19.7142 -0.573677 -7.77622e-06 -1.99778 0.46803 7.77622e-06 0.18584 2.3291e-05 -0 0.32522 
1675156042928543787 -0.467931 -0 0.34606 0.337776 0 -56.0617 0.235987 -0 -15.5005 -0.573677 -7.77622e-06 -3.0199 0.46803 7.77622e-06 1.06858 2.3291e-05 -0 0.32522 
1675156042995212970 -0.468212 -0.00943516 -18.6872 0.337661 -0.00437227 -60.9066 0.236851 0.0248341 -9.78185 -0.574439 -0.0218278 -3.76326 0.46866 0.0181964 2.18362 2.3291e-05 -0 0.4646 
1675156043061879605 -0.468736 -0.0105931 -6.22908 0.337454 -0.00619491 -55.0235 0.238264 0.0306445 -8.57793 -0.575676 -0.0295963 -3.85618 0.46964 0.0183519 2.88052 3.10672e-05 5.44335e-05 0.60398 
1675156043128545696 -0.47007 -0.0306734 -34.9521 0.336934 -0.00695305 -47.4102 0.241847 0.0870066 -3.16029 -0.578934 -0.0774434 -4.97122 0.472307 0.0635706 3.7168 3.10672e-05 7.77622e-06 0.60398 
1675156043195279690 -0.472646 -0.0484065 -20.4175 0.335984 -0.0148823 -62.6369 0.249163 0.136774 -3.61176 -0.585202 -0.115671 -4.22786 0.477486 0.0934546 3.4845 3.10672e-05 7.77622e-06 0.60398 
1675156043261943588 -0.476068 -0.0636679 -19.7254 0.334691 -0.0249302 -53.2932 0.258818 0.179649 -3.46127 -0.593522 -0.155478 -4.32078 0.484321 0.12662 3.7168 3.10672e-05 7.77622e-06 0.6969 
1675156043328610211 -0.483177 -0.0855552 -22.84 0.33196 -0.0347237 -51.909 0.278999 0.24859 -0.30098 -0.611019 -0.209328 -5.71458 0.498668 0.17897 3.99556 3.10672e-05 7.77622e-06 0.09292 
1675156043395274425 -0.488941 -0.100952 -18.6872 0.329784 -0.0356376 -57.792 0.295341 0.285225 -1.65539 -0.625109 -0.245355 -5.71458 0.510216 0.200549 4.46016 2.3291e-05 -0 0.18584 
1675156043461943014 -0.495769 -0.117464 -34.9521 0.327193 -0.0415521 -80.632 0.314713 0.328754 -0.60196 -0.641906 -0.280006 -6.17918 0.524003 0.238932 3.90264 2.3291e-05 -0 0.04646 
1675156043528624456 -0.503584 -0.128842 -55.3696 0.324192 -0.0518077 -48.1023 0.336829 0.364512 -0 -0.661082 -0.307845 -6.55086 0.539696 0.255169 4.646 2.3291e-05 -0 -0.09292 
1675156043595277371 -0.514281 -0.146429 -53.9854 0.320136 -0.0562942 -61.9447 0.3671 0.419636 -0.60196 -0.687272 -0.357473 -6.7367 0.561135 0.29744 5.24998 2.3291e-05 -0 -0.6969 
1675156043661945232 -0.524153 -0.162568 -36.3363 0.316377 -0.0651842 -53.2932 0.395001 0.469945 -0 -0.711456 -0.397256 -6.41148 0.580964 0.335365 4.55308 2.3291e-05 -0 -1.11504 
1675156043728604518 -0.534585 -0.168748 -42.5654 0.312409 -0.0627799 -73.0187 0.424501 0.484552 1.05343 -0.736947 -0.416712 -7.99112 0.601828 0.346687 4.1814 7.73851e-06 -1.55524e-05 -0.97566 
1675156043795278368 -0.545905 -0.191902 -35.6442 0.30811 -0.070408 -80.2859 0.456564 0.534637 3.31078 -0.764739 -0.466542 -6.0398 0.624643 0.388725 3.57742 7.73851e-06 -0 -1.3938 
1675156043861949384 -0.561244 -0.197219 -43.9496 0.302263 -0.0760369 -76.1332 0.500017 0.555259 1.35441 -0.802236 -0.482903 -5.62166 0.655382 0.399091 5.43582 -3.77108e-08 -0 -1.3938 
1675156043928610920 -0.574164 -0.220706 -41.1811 0.297361 -0.0828861 -71.2884 0.536435 0.625451 1.80588 -0.833893 -0.538402 -5.62166 0.681355 0.44494 4.97122 -3.77108e-08 -0 -1.34734 
1675156043995271606 -0.588475 -0.23725 -57.0999 0.291919 -0.0928925 -75.095 0.576853 0.672805 4.81568 -0.868948 -0.587462 -6.969 0.710018 0.478035 6.2721 -7.81393e-06 -0 -1.48672 
1675156044061942128 -0.602833 -0.233937 -63.675 0.286492 -0.0858719 -87.8992 0.617594 0.654559 -0.30098 -0.903988 -0.566358 -7.94466 0.738806 0.46557 5.62166 -1.55902e-05 -4.66573e-05 -1.34734 
1675156044128606672 -0.618323 -0.248445 -61.5987 0.280573 -0.0933391 -64.0211 0.66147 0.702821 -3.91274 -0.941943 -0.604998 -8.68802 0.769856 0.491224 4.8783 -1.55902e-05 -0 -1.44026 
1675156044195272849 -0.633522 -0.239893 -48.7945 0.274835 -0.0923057 -70.2502 0.70447 0.68651 -9.63136 -0.979114 -0.583139 -7.8982 0.800378 0.484676 4.55308 -2.33664e-05 -0 -1.67256 
1675156044261942199 -0.647781 -0.22177 -52.6011 0.269414 -0.0840389 -63.329 0.744726 0.62165 -0.15049 -1.01395 -0.551419 -8.40926 0.828893 0.449061 6.69024 -2.33664e-05 -0 -1.6261 
1675156044328551209 -0.668183 -0.212507 -45.6799 0.261614 -0.0804559 -65.4053 0.802369 0.604019 -8.42744 -1.06391 -0.521209 -6.31856 0.869905 0.424908 5.62166 -3.11426e-05 -0 -1.67256 
1675156044395275529 -0.680931 -0.184315 -50.8708 0.256764 -0.0720853 -79.9399 0.838482 0.522879 -11.2867 -1.0951 -0.454411 -5.43582 0.895395 0.36731 6.36502 -3.89188e-05 -0 -1.81194 
1675156044461945952 -0.692184 -0.180182 -52.2551 0.252496 -0.0683569 -64.7132 0.870253 0.519899 -12.6412 -1.12266 -0.440111 -7.34068 0.918032 0.367069 4.13494 -4.6695e-05 -0 -1.3938 
1675156044528609617 -0.70326 -0.167922 -35.2981 0.248274 -0.0623022 -75.4411 0.901544 0.473105 -13.8451 -1.14977 -0.413742 -4.83184 0.940202 0.33206 5.15706 -4.6695e-05 -0 -1.44026 
1675156044595276811 -0.715494 -0.151902 -30.1072 0.243642 -0.0600018 -48.4484 0.936102 0.434622 -14.447 -1.17975 -0.376291 -5.24998 0.964767 0.305263 4.46016 -4.6695e-05 -0 -1.44026 
1675156044661886555 -0.724457 -0.13972 -19.7254 0.240194 -0.0556971 -64.7132 0.961502 0.392015 -14.8985 -1.20168 -0.336804 -6.7367 0.982738 0.275581 5.24998 -4.6695e-05 -0 -1.67256 
1675156044728609348 -0.732552 -0.119692 -32.1836 0.237136 -0.0436032 -83.4005 0.984383 0.338969 -15.5005 -1.22146 -0.288233 -6.969 0.999029 0.238854 3.53096 -5.44711e-05 -0.00232509 -2.97344 
1675156044795276506 -0.739811 -0.109696 -31.8375 0.23442 -0.0385092 -62.6369 1.00489 0.310918 -19.4132 -1.23924 -0.261818 -5.3429 1.01355 0.211941 4.32078 -6.22475e-05 -0 -1.67256 
1675156044861942959 -0.747471 -0.0843089 -33.9139 0.231481 -0.0334722 -51.909 1.02657 0.247576 -17.6073 -1.25795 -0.210121 -5.3429 1.02894 0.177166 2.323 -6.22475e-05 -0 -1.02212 
1675156044928549453 -0.752482 -0.0745466 -39.7969 0.229586 -0.0291467 -77.5174 1.04068 0.21514 -20.1657 -1.27022 -0.179187 -5.48228 1.03897 0.150602 3.06636 -6.22475e-05 -0 -1.25442 
1675156044995278767 -0.756729 -0.0571822 -33.5678 0.227971 -0.0216848 -74.4029 1.05266 0.167133 -21.0686 -1.2806 -0.142025 -3.99556 1.04745 0.120889 1.57964 -6.22475e-05 -0 -1.30088 
1675156045061941406 -0.759814 -0.0416092 -19.3794 0.226823 -0.01657 -71.2884 1.06142 0.115492 -21.2191 -1.28809 -0.0950176 -5.62166 1.05364 0.0864249 1.95132 -6.22475e-05 -0 -1.25442 
1675156045128610670 -0.761963 -0.0260778 -21.1097 0.225987 -0.0103699 -64.0211 1.06758 0.0747575 -23.1755 -1.29348 -0.0622564 -3.43804 1.058 0.0524273 3.0199 -6.22475e-05 -0 -1.30088 
1675156045195277736 -0.763132 -0.0134803 -9.68968 0.225509 -0.00505251 -57.446 1.07088 0.0331267 -28.2921 -1.29628 -0.0311127 -3.67034 1.06038 0.0218356 1.6261 -6.22475e-05 -0 -1.3938 
1675156045261886871 -0.763428 -0.00301177 -16.9569 0.2254 -0.000207709 -64.3672 1.07171 0.00238263 -24.8309 -1.29715 -0.00152414 -3.43804 1.06101 0.00467351 2.50884 -6.22475e-05 -0 -1.25442 
1675156045328608354 -0.763464 -0 -15.2266 0.225385 -5.19272e-06 -60.2144 1.07182 6.22098e-06 -25.2823 -1.29727 -7.77622e-06 -2.13716 1.06111 7.77622e-06 1.34734 -6.22475e-05 -0 -1.20796 
1675156045395292672 -0.763464 -0 -14.1885 0.225385 -5.19272e-06 -58.8302 1.07182 6.22098e-06 -26.1853 -1.29726 0 -1.11504 1.06111 7.77622e-06 0.51106 -6.22475e-05 -0 -1.30088 
1675156045461944974 -0.763464 -0 -13.1503 0.225385 -5.19272e-06 -56.4078 1.07182 6.22098e-06 -27.0882 -1.29726 0 -0.32522 1.06111 -0 0.09292 -6.22475e-05 -0 -1.25442 
1675156045528551828 -0.763464 5.19272e-06 -12.8042 0.225385 -5.19272e-06 -56.7538 1.07182 6.22098e-06 -27.5397 -1.29725 0 -0.41814 1.06111 -0 -0.13938 -6.22475e-05 -0 -1.11504 
1675156045595274584 -0.763469 -0 -11.766 0.225385 -5.19272e-06 -58.1381 1.07182 6.22098e-06 -28.1416 -1.29725 0 -0.2323 1.0611 -0 -0 -6.22475e-05 -0 -1.1615 
1675156045661945315 -0.763469 -0 -12.1121 0.225385 -5.19272e-06 -56.7538 1.07182 6.22098e-06 -28.1416 -1.29725 0 -0.18584 1.0611 -0 -0.04646 -6.22475e-05 -0 -1.11504 
1675156045728609855 -0.763469 -0 -11.42 0.225385 -5.19272e-06 -56.0617 1.07182 6.22098e-06 -28.2921 -1.29725 0 -0.2323 1.0611 -0 -0 -6.22475e-05 -0 -1.3938 
1675156045795275751 -0.763469 -0 -11.42 0.225385 -5.19272e-06 -56.4078 1.07182 6.22098e-06 -28.2921 -1.29725 0 -0.27876 1.0611 -0 -0.09292 -6.22475e-05 -0 -1.34734 
1675156045861886101 -0.763469 -0 -11.42 0.225385 -5.19272e-06 -58.8302 1.07182 6.22098e-06 -28.5931 -1.29725 0 -0.32522 1.0611 -0 -0.04646 -6.22475e-05 -0 -1.25442 
1675156045928607571 -0.763469 -0 -11.42 0.225385 -5.19272e-06 -57.446 1.07182 6.22098e-06 -28.4426 -1.29725 0 -0.37168 1.0611 -0 -0.04646 -6.22475e-05 -0 -1.25442 
1675156045995281583 -0.763469 -0 -11.0739 0.225385 -5.19272e-06 -56.7538 1.07182 -0 -28.5931 -1.29725 0 -0.32522 1.0611 -0 0.04646 -6.22475e-05 -0 -1.20796 
1675156046061944829 -0.763469 -0 -10.3818 0.225385 -5.19272e-06 -56.7538 1.07182 -0 -28.7436 -1.29725 0 -0.37168 1.0611 -0 -0.13938 -6.22475e-05 -0 -1.25442 
1675156046128550299 -0.763469 -0 -10.0357 0.225385 -5.19272e-06 -56.0617 1.07182 -0 -28.8941 -1.29725 0 -0.27876 1.0611 -0 -0 -6.22475e-05 -0 -1.25442 
1675156046195277564 -0.763469 -0 -10.0357 0.225385 -5.19272e-06 -56.0617 1.07182 -0 -28.8941 -1.29725 0 -0.13938 1.0611 -0 -0 -6.22475e-05 -0 -1.34734 
1675156046261943999 -0.763469 -0 -10.7279 0.225385 -5.19272e-06 -57.446 1.07182 -0 -29.1951 -1.29725 0 -0.37168 1.0611 -0 -0 -6.22475e-05 -0 -1.34734 
1675156046328613811 -0.763469 -0 -10.3818 0.225385 -5.19272e-06 -56.4078 1.07182 -0 -29.3456 -1.29725 0 -0.4646 1.0611 -0 0.09292 -6.22475e-05 -0 -1.30088 
1675156046395280545 -0.763469 -0 -10.0357 0.225385 -5.19272e-06 -56.0617 1.07182 -0 -29.1951 -1.29725 0 -0.37168 1.0611 -0 0.2323 -6.22475e-05 -0 -1.30088 
1675156046461886822 -0.763469 -0 -10.0357 0.22539 0 -56.0617 1.07182 -0 -29.3456 -1.29725 0 -0.32522 1.0611 -0 0.04646 -6.22475e-05 -0 -1.25442 
1675156046528608017 -0.763469 -0 -9.68968 0.22539 0 -56.4078 1.07182 -0 -29.3456 -1.29725 0 -0.27876 1.0611 -0 -0 -6.22475e-05 -0 -1.30088 
1675156046595280592 -0.763469 -0 -9.68968 0.22539 0 -56.0617 1.07182 -0 -29.3456 -1.29725 0 -0.37168 1.0611 -0 0.04646 -6.22475e-05 -0 -1.25442 
1675156046661939748 -0.763469 -0 -9.34362 0.22539 0 -56.0617 1.07182 -0 -29.6465 -1.29725 0 -0.60398 1.0611 -0 0.04646 -6.22475e-05 -0 -1.30088 
1675156046728548614 -0.763469 -0 -9.68968 0.22539 0 -56.7538 1.07182 -0 -29.797 -1.29725 0 -0.27876 1.0611 -0 0.09292 -6.22475e-05 -0 -1.34734 
1675156046795277331 -0.763464 5.19272e-06 -8.99756 0.22539 0 -56.4078 1.07182 -0 -29.6465 -1.29725 0 -0.32522 1.0611 -0 -0 -6.22475e-05 -0 -1.34734 
1675156046861944317 -0.763464 5.19272e-06 -9.68968 0.22539 0 -56.0617 1.07182 -0 -29.9475 -1.29725 0 -0.32522 1.0611 -0 0.13938 -6.22475e-05 -0 -1.25442 
1675156046928550908 -0.763464 5.19272e-06 -9.34362 0.22539 0 -56.4078 1.07182 -0 -29.9475 -1.29725 0 -0.4646 1.0611 -0 0.2323 -6.22475e-05 -0 -1.20796 
1675156046995277885 -0.763464 5.19272e-06 -8.99756 0.22539 0 -55.7157 1.07182 -0 -29.9475 -1.29725 0 -0.4646 1.0611 -0 0.04646 -6.22475e-05 -0 -1.34734 
1675156047061886880 -0.763464 5.19272e-06 -9.34362 0.22539 0 -56.0617 1.07182 -0 -30.098 -1.29725 0 -0.51106 1.0611 -0 0.09292 -6.22475e-05 -0 -1.1615 
1675156047128604879 -0.763464 5.19272e-06 -9.34362 0.22539 0 -56.4078 1.07182 -0 -30.2485 -1.29725 0 -0.37168 1.0611 -0 0.13938 -6.22475e-05 -0 -1.20796 
1675156047195275918 -0.763464 5.19272e-06 -9.34362 0.22539 0 -56.7538 1.07182 -0 -30.2485 -1.29725 0 -0.41814 1.0611 -0 0.13938 -6.22475e-05 -0 -1.34734 
1675156047261942621 -0.763464 5.19272e-06 -8.99756 0.22539 0 -56.0617 1.07182 -0 -30.2485 -1.29725 0 -0.37168 1.0611 -0 0.13938 -6.22475e-05 -0 -1.1615 
1675156047328551106 -0.763464 5.19272e-06 -8.99756 0.22539 0 -56.4078 1.07182 -0 -30.5495 -1.29725 0 -0.60398 1.0611 -0 0.09292 -6.22475e-05 -0 -1.11504 
1675156047395278323 -0.763464 5.19272e-06 -8.99756 0.22539 0 -55.7157 1.07182 -0 -30.5495 -1.29725 0 -0.55752 1.0611 -0 0.18584 -6.22475e-05 -0 -1.34734 
1675156047461943636 -0.763464 5.19272e-06 -9.34362 0.22539 0 -56.4078 1.07182 -0 -30.7 -1.29725 0 -0.55752 1.0611 -0 0.18584 -6.22475e-05 -0 -1.25442 
1675156047528544453 -0.763464 5.19272e-06 -8.6515 0.22539 0 -55.7157 1.07182 -0 -30.8505 -1.29725 0 -0.55752 1.0611 -0 0.13938 -6.22475e-05 -0 -1.06858 
1675156047595211168 -0.763464 5.19272e-06 -8.6515 0.22539 0 -56.4078 1.07182 -0 -30.8505 -1.29725 0 -0.4646 1.0611 -0 0.13938 -6.22475e-05 -0 -1.30088 
1675156047661888166 -0.763464 5.19272e-06 -9.34362 0.22539 0 -56.4078 1.07182 -0 -31.0009 -1.29725 0 -0.65044 1.0611 -0 0.32522 -6.22475e-05 -0 -1.25442 
1675156047728550040 -0.763464 5.19272e-06 -8.99756 0.22539 0 -57.446 1.07182 -0 -31.1514 -1.29725 0 -0.55752 1.0611 -0 0.27876 -6.22475e-05 -0 -1.34734 
1675156047795278884 -0.763464 5.19272e-06 -8.99756 0.22539 0 -54.3314 1.07182 -0 -31.1514 -1.29725 0 -0.60398 1.0611 -0 0.13938 -6.22475e-05 -0 -1.20796 
1675156047861886175 -0.763464 5.19272e-06 -8.99756 0.22539 0 -55.3696 1.07182 -0 -31.3019 -1.29725 0 -0.55752 1.0611 -0 0.18584 -6.22475e-05 -0 -1.11504 
1675156047928547483 -0.763464 5.19272e-06 -8.6515 0.22539 0 -55.7157 1.07182 -0 -31.3019 -1.29725 0 -0.4646 1.0611 -0 0.2323 -6.22475e-05 -0 -1.25442 
1675156047995274326 -0.763464 5.19272e-06 -8.6515 0.22539 0 -57.0999 1.07181 -0 -31.4524 -1.29725 0 -0.60398 1.0611 -0 0.2323 -6.22475e-05 -0 -1.20796 
1675156048061883522 -0.763464 5.19272e-06 -8.6515 0.22539 0 -55.0235 1.07181 -0 -31.4524 -1.29725 0 -0.51106 1.0611 -0 0.32522 -6.22475e-05 -0 -1.11504 
1675156048128543512 -0.763464 5.19272e-06 -8.99756 0.22539 0 -56.4078 1.07181 -0 -31.6029 -1.29725 0 -0.65044 1.0611 -0 0.27876 -6.22475e-05 -0 -1.25442 
1675156048195277614 -0.763464 5.19272e-06 -8.99756 0.22539 0 -55.3696 1.07181 -0 -31.4524 -1.29725 0 -0.60398 1.0611 -0 0.2323 -6.22475e-05 -0 -1.1615 
1675156048261880375 -0.763464 5.19272e-06 -7.95938 0.22539 0 -56.7538 1.07181 -0 -31.4524 -1.29725 0 -0.55752 1.0611 -0 0.2323 -6.22475e-05 -0 -1.30088 
1675156048328604933 -0.763464 5.19272e-06 -8.6515 0.22539 0 -55.7157 1.07181 -0 -31.6029 -1.29725 0 -0.6969 1.0611 -0 0.27876 -6.22475e-05 -0 -1.20796 
1675156048395276731 -0.763464 5.19272e-06 -8.30544 0.22539 0 -55.7157 1.07181 -0 -31.7534 -1.29725 0 -0.65044 1.0611 -0 0.41814 -6.22475e-05 -0 -1.30088 
1675156048461941858 -0.763464 5.19272e-06 -8.99756 0.22539 0 -55.7157 1.07181 -0 -31.6029 -1.29725 0 -0.55752 1.0611 -0 0.2323 -6.22475e-05 -0 -1.30088 
1675156048528550777 -0.763464 5.19272e-06 -8.30544 0.22539 0 -56.0617 1.07181 -0 -31.7534 -1.29725 0 -0.60398 1.0611 -0 0.32522 -6.22475e-05 -0 -1.06858 
1675156048595275749 -0.763464 5.19272e-06 -8.6515 0.22539 0 -56.7538 1.07181 -0 -31.9039 -1.29725 0 -0.55752 1.0611 -0 0.27876 -6.22475e-05 -0 -1.1615 
1675156048661878057 -0.763464 5.19272e-06 -8.6515 0.22539 0 -55.3696 1.07181 -0 -31.9039 -1.29725 0 -0.74336 1.0611 -0 0.32522 -6.22475e-05 -0 -1.30088 
1675156048728656795 -0.763464 5.19272e-06 -7.95938 0.22539 0 -55.7157 1.07181 -0 -31.9039 -1.29725 0 -0.55752 1.0611 -0 0.27876 -6.22475e-05 -0 -1.25442 
1675156048795279115 -0.763464 5.19272e-06 -8.30544 0.22539 0 -55.7157 1.07181 -0 -32.2049 -1.29725 0 -0.6969 1.0611 -0 0.32522 -6.22475e-05 -0 -1.1615 
1675156048861879766 -0.763464 5.19272e-06 -8.30544 0.22539 0 -56.0617 1.07181 -0 -32.2049 -1.29725 0 -0.6969 1.0611 -0 0.41814 -6.22475e-05 -0 -1.20796 
1675156048928608848 -0.763464 5.19272e-06 -8.6515 0.22539 0 -55.7157 1.07181 -0 -32.3554 -1.29725 0 -0.74336 1.0611 -0 0.2323 -6.22475e-05 -0 -1.34734 
1675156048995279797 -0.763464 5.19272e-06 -7.26726 0.22539 0 -55.3696 1.07181 -0 -32.0544 -1.29725 0 -0.65044 1.0611 -0 0.37168 -6.22475e-05 -0 -1.25442 
1675156049061940204 -0.763464 5.19272e-06 -8.30544 0.22539 0 -55.0235 1.07181 -0 -32.3554 -1.29725 0 -0.6969 1.0611 -0 0.37168 -6.22475e-05 -0 -1.25442 
1675156049128548626 -0.763464 5.19272e-06 -7.95938 0.22539 0 -55.3696 1.07181 -0 -32.2049 -1.29725 0 -0.74336 1.0611 -0 0.32522 -6.22475e-05 -0 -1.25442 
1675156049195275562 -0.763464 5.19272e-06 -7.61332 0.22539 0 -55.3696 1.07181 -0 -32.2049 -1.29725 0 -0.6969 1.0611 -0 0.37168 -6.22475e-05 -0 -1.34734 
1675156049261940860 -0.763464 5.19272e-06 -8.30544 0.22539 0 -55.0235 1.07181 -0 -32.3554 -1.29725 0 -0.78982 1.0611 -0 0.32522 -6.22475e-05 -0 -1.30088 
1675156049328606772 -0.763464 5.19272e-06 -8.30544 0.22539 0 -56.0617 1.07181 -0 -32.5058 -1.29725 0 -0.74336 1.0611 -0 0.41814 -6.22475e-05 -0 -1.3938 
1675156049395279891 -0.763464 5.19272e-06 -7.61332 0.22539 0 -56.0617 1.07181 -0 -32.6563 -1.29725 0 -0.55752 1.0611 -0 0.41814 -6.22475e-05 -0 -1.25442 
1675156049461886710 -0.763464 5.19272e-06 -8.30544 0.22539 0 -55.3696 1.07181 -0 -32.5058 -1.29725 0 -0.74336 1.0611 -0 0.32522 -6.22475e-05 -0 -1.34734 
1675156049528610207 -0.763464 5.19272e-06 -7.95938 0.22539 0 -55.7157 1.07181 -0 -32.5058 -1.29725 0 -0.6969 1.0611 -0 0.37168 -6.22475e-05 -0 -1.3938 
1675156049595272584 -0.763464 5.19272e-06 -8.30544 0.22539 0 -55.7157 1.07181 -0 -32.3554 -1.29725 0 -0.78982 1.0611 -0 0.41814 -6.22475e-05 -0 -1.25442 
1675156049661947426 -0.763464 5.19272e-06 -7.95938 0.22539 0 -56.4078 1.07181 -0 -32.5058 -1.29725 0 -0.78982 1.0611 -0 0.37168 -6.22475e-05 -0 -1.30088 
1675156049728550412 -0.763464 5.19272e-06 -7.61332 0.22539 0 -55.3696 1.07181 -0 -32.5058 -1.29725 0 -0.78982 1.0611 -0 0.41814 -6.22475e-05 -0 -1.25442 
1675156049795278341 -0.763464 5.19272e-06 -7.61332 0.22539 0 -55.3696 1.07181 -0 -32.5058 -1.29725 0 -0.74336 1.0611 -0 0.60398 -6.22475e-05 -0 -1.20796 
1675156049861945328 -0.763464 5.19272e-06 -7.61332 0.22539 0 -55.3696 1.07181 -0 -32.5058 -1.29725 0 -0.74336 1.0611 -0 0.51106 -6.22475e-05 -0 -1.25442 
1675156049928608999 -0.763464 5.19272e-06 -8.6515 0.22539 0 -56.0617 1.07181 -0 -32.5058 -1.29725 0 -0.60398 1.0611 -0 0.55752 -6.22475e-05 -0 -1.34734 
1675156049995282446 -0.763464 5.19272e-06 -7.61332 0.22539 0 -55.0235 1.07181 -0 -32.6563 -1.29725 0 -0.74336 1.0611 -0 0.60398 -6.22475e-05 -0 -1.1615 
1675156050061944873 -0.763464 5.19272e-06 -7.61332 0.22539 0 -55.0235 1.07181 -0 -32.6563 -1.29725 0 -0.83628 1.0611 -0 0.4646 -6.22475e-05 -0 -1.30088 
1675156050128608417 -0.763464 5.19272e-06 -7.95938 0.22539 0 -55.3696 1.07181 -0 -32.5058 -1.29725 0 -0.6969 1.0611 -0 0.51106 -6.22475e-05 -0 -1.30088 
1675156050195281877 -0.763464 5.19272e-06 -7.95938 0.22539 0 -55.7157 1.07181 -0 -32.5058 -1.29725 0 -0.78982 1.0611 -0 0.60398 -6.22475e-05 -0 -1.1615 
1675156050261927229 -0.763464 5.19272e-06 -5.88302 0.22539 0 -54.3314 1.07181 -0 -32.5058 -1.29725 0 -0.88274 1.0611 -0 0.51106 -6.22475e-05 -0 -1.30088 
1675156050328608106 -0.763464 5.19272e-06 -7.61332 0.22539 0 -55.7157 1.07181 -0 -32.5058 -1.29725 0 -0.83628 1.0611 -0 0.65044 -6.22475e-05 -0 -1.25442 
1675156050395278985 -0.763464 5.19272e-06 -7.61332 0.22539 0 -55.3696 1.07181 -0 -32.5058 -1.29725 0 -0.88274 1.0611 -0 0.60398 -6.22475e-05 -0 -1.30088 
1675156050461942429 -0.763464 5.19272e-06 -7.26726 0.22539 0 -55.3696 1.07181 -0 -32.5058 -1.29725 0 -0.88274 1.0611 -0 0.51106 -6.22475e-05 -0 -1.34734 
1675156050528609190 -0.763464 5.19272e-06 -7.26726 0.22539 0 -55.7157 1.07181 -0 -32.6563 -1.29725 0 -0.88274 1.0611 -0 0.51106 -6.22475e-05 -0 -1.25442 
1675156050595275179 -0.763464 5.19272e-06 -7.61332 0.22539 0 -56.4078 1.07181 -0 -32.3554 -1.29725 0 -0.9292 1.0611 -0 0.51106 -6.22475e-05 -0 -1.1615 
1675156050661944653 -0.763464 5.19272e-06 -7.26726 0.22539 0 -55.3696 1.07181 -0 -32.6563 -1.29725 0 -1.02212 1.0611 -0 0.51106 -6.22475e-05 -0 -1.20796 
1675156050728607506 -0.763464 5.19272e-06 -8.30544 0.22539 0 -56.0617 1.07181 -0 -32.5058 -1.29725 0 -0.88274 1.0611 -0 0.4646 -6.22475e-05 -0 -1.30088 
1675156050795277919 -0.763412 0.00225883 13.4963 0.225385 0.00173437 -71.6344 1.07177 -0.0041805 -40.0303 -1.2972 0.0087638 1.90486 1.06108 -0.00593326 -2.36946 -6.22475e-05 -0 -1.11504 
1675156050861941565 -0.762727 0.014576 12.1121 0.225198 -0.00415936 -74.0568 1.0708 -0.0200067 -41.3848 -1.29597 0.0248139 0.97566 1.06012 -0.0158479 -2.46238 -6.22475e-05 -0 -1.20796 
1675156050928610548 -0.762098 0.0136101 25.9545 0.224954 -0.00232114 -64.3672 1.06991 -0.0197454 -44.3946 -1.29491 0.0247984 1.3938 1.05922 -0.0228388 -3.34512 -6.22475e-05 -0 -1.25442 
1675156050995275095 -0.760011 0.0555776 33.5678 0.224356 -0.0154016 -70.5962 1.067 -0.0724308 -47.7053 -1.29142 0.0898076 3.80972 1.05623 -0.0742473 -2.64822 -6.22475e-05 -0 -1.25442 
1675156051061942042 -0.755846 0.0800042 42.5654 0.223121 -0.0268931 -63.675 1.06103 -0.11385 -44.846 -1.28422 0.13921 3.4845 1.05038 -0.113929 -2.92698 -6.22475e-05 -0 -1.25442 
1675156051128608186 -0.750212 0.104732 31.1454 0.221454 -0.0302424 -84.4386 1.05321 -0.146548 -48.0063 -1.27463 0.175338 2.83406 1.04258 -0.143246 -2.69468 -6.22475e-05 -0 -1.25442 
1675156051195278363 -0.74275 0.130254 54.3314 0.219247 -0.0395633 -75.4411 1.04274 -0.181453 -50.2637 -1.26194 0.225246 2.74114 1.03221 -0.186458 -3.62388 -6.22475e-05 -0 -1.25442 
1675156051261941604 -0.733798 0.152006 49.4866 0.21663 -0.0450935 -73.0187 1.03013 -0.215196 -47.2539 -1.24676 0.255286 3.7168 1.01977 -0.217306 -4.27432 -6.22475e-05 -0 -0.88274 
1675156051328609760 -0.717514 0.1936 42.5654 0.211816 -0.0534071 -69.9041 1.00734 -0.269536 -52.3705 -1.21906 0.327177 2.92698 0.997155 -0.262797 -5.3429 -5.44711e-05 7.77622e-06 -0.60398 
1675156051395277640 -0.70474 0.213 49.8326 0.208041 -0.0625618 -68.8659 0.989391 -0.298576 -50.4142 -1.19739 0.357309 5.62166 0.97941 -0.295317 -4.22786 -5.44711e-05 7.77622e-06 -0.55752 
1675156051461940855 -0.690486 0.240101 68.5199 0.203819 -0.0726513 -64.7132 0.969371 -0.336934 -53.8754 -1.17314 0.406354 4.92476 0.959572 -0.331547 -6.5044 -5.44711e-05 7.77622e-06 -0.51106 
1675156051528604202 -0.674804 0.261978 68.8659 0.199177 -0.0780725 -67.4817 0.947306 -0.373003 -52.3705 -1.14649 0.453766 5.38936 0.937752 -0.373126 -4.50662 -5.44711e-05 7.77622e-06 -0.04646 
1675156051595276204 -0.653088 0.286607 43.2575 0.192785 -0.0830627 -75.095 0.916873 -0.397937 -51.6181 -1.10973 0.482211 5.52874 0.90762 -0.39766 -5.90042 -4.6695e-05 7.77622e-06 0.13938 
1675156051661940244 -0.634295 0.31242 76.1332 0.187254 -0.0935 -47.0642 0.890477 -0.440744 -53.8754 -1.07771 0.531341 7.61944 0.881468 -0.444769 -4.73892 -4.6695e-05 7.77622e-06 0.13938 
1675156051728632861 -0.613649 0.32699 57.446 0.181148 -0.0984071 -53.9854 0.861469 -0.46732 -46.5014 -1.04267 0.546606 4.73892 0.852821 -0.446534 -5.52874 -3.89188e-05 7.77622e-06 0.2323 
1675156051795271401 -0.587369 0.365422 65.4053 0.173359 -0.107121 -57.0999 0.82464 -0.514475 -52.822 -0.997963 0.618629 5.29644 0.816257 -0.498051 -6.7367 -3.89188e-05 7.77622e-06 0.51106 
1675156051861947307 -0.563654 0.395176 66.0975 0.166364 -0.117854 -57.446 0.791296 -0.556672 -57.3367 -0.957636 0.680061 7.15484 0.783286 -0.54918 -7.6659 -3.11426e-05 7.77622e-06 0.6969 
1675156051928550934 -0.539663 0.387532 49.8326 0.159281 -0.115289 -66.0975 0.757528 -0.543122 -50.5646 -0.917029 0.653016 7.61944 0.750003 -0.535455 -5.99334 -3.11426e-05 7.77622e-06 0.51106 
1675156051995274250 -0.513658 0.418387 87.5532 0.151643 -0.124776 -62.9829 0.721235 -0.584063 -55.9823 -0.872867 0.7171 6.36502 0.71393 -0.587626 -6.69024 -2.33664e-05 7.77622e-06 0.60398 
1675156052061943686 -0.486573 0.446516 57.792 0.143646 -0.130462 -57.0999 0.683188 -0.634403 -47.8558 -0.826754 0.759597 5.94688 0.67623 -0.62625 -5.43582 -2.33664e-05 7.77622e-06 0.6969 
1675156052128604835 -0.458911 0.454622 76.8253 0.135416 -0.135571 -70.5962 0.644101 -0.633326 -55.6813 -0.779763 0.770514 9.71014 0.637691 -0.637323 -6.82962 -2.33664e-05 -0.00419138 0.13938 
1675156052195270266 -0.429344 0.477595 79.5938 0.126733 -0.142784 -59.5223 0.602788 -0.671523 -50.7151 -0.729575 0.806277 8.26988 0.596579 -0.666095 -8.45572 -1.55902e-05 7.77622e-06 0.88274 
1675156052261938681 -0.398136 0.487232 49.8326 0.117516 -0.139274 -64.7132 0.558806 -0.695661 -37.472 -0.676463 0.823999 7.24776 0.553218 -0.667954 -8.03758 -7.81393e-06 7.77622e-06 1.02212 
1675156052328612140 -0.351988 0.498433 66.0975 0.103828 -0.1463 -41.8733 0.494058 -0.701222 -41.9867 -0.598056 0.84998 8.31634 0.489142 -0.69664 -6.82962 -3.77108e-08 0.00581661 1.1615 
1675156052395279172 -0.32158 0.488276 50.1787 0.0948449 -0.142197 -42.5654 0.451357 -0.686858 -37.9235 -0.546453 0.838681 7.38714 0.446902 -0.671189 -6.92254 -3.77108e-08 7.77622e-06 1.20796 
1675156052461941376 -0.293622 0.43503 56.4078 0.086573 -0.127081 -26.3006 0.411928 -0.60578 -35.6661 -0.499033 0.732123 9.292 0.408052 -0.607121 -6.2721 7.73851e-06 7.77622e-06 0.9292 
1675156052528611594 -0.265436 0.436297 48.4484 0.0782958 -0.130363 -41.1811 0.372581 -0.612374 -35.9671 -0.451062 0.740607 4.92476 0.368852 -0.607027 -5.99334 7.73851e-06 7.77622e-06 0.97566 
1675156052595275638 -0.232364 0.399299 63.675 0.0685386 -0.118441 -24.2242 0.326085 -0.556485 -29.496 -0.395089 0.668903 7.2013 0.32298 -0.544817 -5.38936 1.55147e-05 7.77622e-06 1.30088 
1675156052661941120 -0.207802 0.396417 71.6344 0.0612688 -0.116369 -44.9878 0.291714 -0.557424 -32.9573 -0.353198 0.677612 4.92476 0.288749 -0.550611 -4.50662 2.3291e-05 7.77622e-06 0.83628 
1675156052728606837 -0.18389 0.380294 53.6393 0.0542327 -0.112324 -40.8351 0.25809 -0.531601 -29.3456 -0.312552 0.643319 7.34068 0.255514 -0.527002 -7.01546 2.3291e-05 7.77622e-06 0.6969 
1675156052795279057 -0.161649 0.329358 56.4078 0.0476484 -0.0961691 -19.3794 0.22678 -0.464887 -22.724 -0.274868 0.563247 6.64378 0.224665 -0.460282 -6.13272 2.3291e-05 7.77622e-06 0.74336 
1675156052861941486 -0.135732 0.326341 40.8351 0.0399839 -0.0964028 -13.8424 0.190449 -0.460134 -23.4764 -0.230746 0.5532 5.94688 0.188607 -0.451106 -5.5752 2.3291e-05 7.77622e-06 1.11504 
1675156052928610330 -0.116364 0.294261 38.4127 0.0342875 -0.0884527 -37.3745 0.163214 -0.413987 -20.4666 -0.197798 0.501434 3.20574 0.161701 -0.410981 -5.76104 3.10672e-05 7.77622e-06 1.25442 
1675156052995274624 -0.0986928 0.277623 45.3339 0.0290584 -0.0828082 -31.8375 0.138498 -0.390298 -23.1755 -0.167813 0.481846 5.1106 0.137097 -0.386012 -5.85396 3.88434e-05 2.33287e-05 0.88274 
1675156053061940423 -0.0820345 0.256183 34.2599 0.0241565 -0.0727136 -32.8757 0.115057 -0.360723 -19.1122 -0.139547 0.435476 5.85396 0.113963 -0.354129 -4.50662 3.88434e-05 7.77622e-06 0.78982 
1675156053128610653 -0.0668095 0.225047 44.6417 0.0196648 -0.065018 -35.2981 0.0936695 -0.312312 -17.3064 -0.113691 0.388484 4.27432 0.0928195 -0.315271 -4.646 3.88434e-05 7.77622e-06 0.74336 
1675156053195276112 -0.0533343 0.211172 39.7969 0.0156301 -0.0615181 -14.5345 0.0747329 -0.294968 -14.8985 -0.0907508 0.35458 5.3429 0.0740788 -0.29545 -3.57742 3.88434e-05 7.77622e-06 0.78982 
1675156053261886298 -0.0409653 0.181568 37.7205 0.0120211 -0.0519323 -24.2242 0.0573826 -0.255141 -13.9956 -0.069755 0.311095 4.4137 0.0569167 -0.253388 -5.20352 3.88434e-05 7.77622e-06 0.78982 
1675156053328608330 -0.0258545 0.149883 43.2575 0.00757098 -0.0460126 -8.30544 0.0361939 -0.208322 -12.1897 -0.0440935 0.258334 3.34512 0.0359054 -0.209484 -3.15928 3.88434e-05 7.77622e-06 1.25442 
1675156053395276241 -0.0173384 0.122273 38.4127 0.00506809 -0.0353105 -12.8042 0.0242123 -0.168539 -8.72842 -0.0296142 0.202874 4.1814 0.0240855 -0.172803 -2.13716 5.43958e-05 0.000132196 0.97566 
1675156053461947352 -0.0108008 0.089242 30.7993 0.0031364 -0.0302424 2.07636 0.0150426 -0.128556 -8.72842 -0.0185408 0.161924 2.69468 0.0150496 -0.125905 -3.4845 5.43958e-05 7.77622e-06 0.74336 
1675156053528611312 -0.00465268 0.0595812 9.34362 0.00131376 -0.0203347 -11.42 0.00642657 -0.0884063 -6.62156 -0.0081207 0.110243 2.74114 0.00645685 -0.0843798 -2.18362 5.43958e-05 7.77622e-06 0.51106 
1675156053595278515 -0.00162013 0.0317171 3.80666 0.000415417 -0.0094767 -3.4606 0.00217142 -0.0455251 -6.62156 -0.00301172 0.0621709 2.13716 0.00231212 -0.0463229 -4.13494 5.43958e-05 7.77622e-06 0.2323 
1675156053661943818 -0.000228433 0.0138645 9.34362 2.07708e-05 -0.00357778 -6.22908 0.000218032 -0.0176427 -3.46127 -0.000531111 0.0203892 2.27654 0.000259198 -0.0158402 -1.44026 5.43958e-05 7.77622e-06 0.18584 
